50000
500
0.01
1
0.01
0.763364 0.505258 0.16771 -0.207274 0.226204
0.57438 0.354173 0.168361 -0.0146663 0.1
0.26528 0.675015 -0.0688245 -0.164382 0.24619
-0.605285 0.184919 0.0875436 0.157709 0.848187
0.464934 0.315684 -0.177679 0.135789 0.1
0.976979 -0.785319 0.199314 -0.233183 0.842462
-0.148219 -0.496968 -0.157777 0.235449 0.913875
0.865442 0.0329663 0.240673 -0.0203369 0.895879
0.913719 -0.529089 0.0398714 0.17595 0.255778
0.108546 -0.706784 0.247949 -0.0964308 0.209331
-0.164678 -0.912278 -0.00210199 -0.0937114 0.550122
0.248384 0.145735 0.0839846 0.096236 0.761456
0.949267 0.909332 -0.140587 -0.137892 0.83518
0.0814031 0.609822 0.242991 -0.098242 0.595442
0.479964 -0.566919 0.228081 -0.115657 0.140792
0.217666 -0.865443 -0.0880173 -0.0442223 0.1
-0.0351443 0.00457978 0.00854179 0.247619 0.1
0.0811462 0.469498 0.212918 0.0583683 0.535533
0.593713 0.859177 -0.234527 -0.0810517 0.129571
0.337118 0.955578 -0.0986614 -0.238271 0.279434
-0.190907 0.852214 -0.121341 -0.190548 0.180051
-0.787506 -0.541041 -0.135126 0.123415 0.1
-0.907348 0.0482332 -0.0436063 -0.0111437 0.941671
-0.30122 0.203571 -0.115363 -0.216342 0.23672
-0.327734 0.518489 0.194598 0.192393 0.794774
0.122545 -0.0197967 0.0568967 -0.0187407 0.1
0.15783 -0.0319129 -0.122449 0.067564 0.563254
-0.89702 0.179455 -0.0766884 -0.140452 0.112046
-0.728516 0.812733 0.165149 -0.159409 0.858085
-0.163054 4.64916e-05 0.0162284 0.166123 0.652022
-0.915478 0.342278 -0.0673581 0.112182 0.716302
-0.534407 0.960011 -0.113195 0.0960873 0.122747
0.601238 -0.785973 -0.167006 -0.206824 0.803587
-0.439821 0.0743148 -0.13435 -0.0640187 0.1
-0.0546585 -0.217402 -0.096103 -0.142476 0.989132
-0.955663 0.938695 0.144514 0.0125732 0.847021
0.42026 0.154225 -0.215099 -0.00876905 0.1
0.400538 -0.130908 -0.164785 0.0292944 0.274296
0.0526243 -0.342171 0.00169376 -0.114669 0.145779
0.717947 -0.127983 -0.0345733 0.249471 0.651299
0.531434 0.91805 -0.144044 0.0477293 0.25016
-0.517298 -0.257681 0.0507569 -0.135107 0.263869
-0.169756 -0.0105543 -0.121708 0.030982 0.388313
0.0731934 -0.434771 0.0722996 -0.139191 0.958849
0.469866 0.949829 -0.0911205 -0.0125417 0.95928
-0.174459 -0.417901 -0.0949551 -0.202176 0.307663
-0.840294 0.62545 0.22194 0.00109577 0.895535
0.634323 0.232902 -0.179275 -0.113639 0.47573
0.700418 -0.285622 0.189117 0.124647 0.301389
-0.538151 -0.669614 -0.0479383 -0.0868546 0.312045
0.279957 0.0533055 -0.0538267 0.122893 0.165413
0.765641 0.575731 0.043851 0.10753 0.368585
0.0946482 0.250272 -0.0834325 0.103113 0.494259
-0.219863 -0.719987 -0.0622446 0.206917 0.793545
-0.570266 -0.617699 0.234768 0.162472 0.921395
-0.459973 -0.696573 -0.0295737 0.015963 0.562489
0.586988 0.750348 0.0996934 -0.247159 0.705372
-0.441573 0.0508546 -0.0140856 -0.0365388 0.474074
0.052122 -0.595963 0.122279 0.118092 0.488206
0.0838311 0.421113 -0.131001 0.00986436 0.637447
0.526158 0.206827 0.150763 -0.207289 0.1
0.801397 0.464017 0.111562 0.11132 0.635036
-0.883927 -0.570225 0.239737 0.013077 0.371182
-0.0158846 -0.560514 0.100764 0.0341429 0.602201
-0.918285 -0.108669 0.114572 -0.24605 0.326518
0.865295 -0.678709 0.0539097 0.239929 0.720752
-0.0910851 -0.360514 0.205246 0.180739 0.85072
0.000669956 -0.872526 0.00873905 -0.1575 0.3596
0.464049 -0.686876 -0.0170403 -0.142034 0.1
0.994192 -0.858299 -0.189958 0.00948524 0.571279
0.578273 -0.115721 -0.129589 -0.236318 0.414967
-0.723303 0.53972 0.0816891 0.0888095 0.34164
-0.367761 -0.709962 -0.106765 -0.183523 0.694927
-0.248585 0.990281 -0.207815 0.208287 0.473498
0.0449603 -0.594805 0.194302 -0.0595087 0.390362
0.967252 0.744189 -0.226655 0.0429277 0.391314
-0.366148 0.469904 -0.248283 0.0774886 0.241904
-0.424285 -0.701454 0.176548 -0.0396068 0.24884
-0.397556 -0.918279 0.246904 -0.129211 0.136113
0.147746 0.344738 -0.0985623 0.132763 0.82534
0.455239 -0.346696 0.171949 -0.0390747 0.631088
0.358306 -0.765477 -0.124423 0.00194493 0.783811
-0.00713885 -0.40333 -0.225885 -0.0326977 0.389535
-0.242052 -0.259111 -0.171727 -0.204821 0.64554
-0.649272 0.718552 0.193091 -0.00933966 0.924933
-0.911876 0.419071 -0.152144 -0.0387861 0.609049
0.726292 -0.00439674 0.23218 -0.0415301 0.901823
0.884068 0.731784 0.17307 -0.154507 0.98893
0.697133 0.242984 0.20222 0.140241 0.1
0.735672 0.792094 0.00572848 0.114462 0.346513
-0.737239 0.67747 0.182788 0.249886 0.932756
-0.837852 -0.2785 0.231585 -0.0546014 0.267849
-0.413846 -0.34481 -0.194301 0.244176 0.221596
-0.677258 0.722073 -0.0962992 -0.0253087 0.1
0.0485369 -0.0847588 -0.19816 0.203598 0.57424
0.329516 0.953525 -0.217418 -0.212595 0.932987
0.104301 0.0555911 0.078214 -0.212514 0.273839
0.892452 -0.594845 0.0149568 0.231899 0.1
-0.551102 -0.843638 0.111968 -0.172873 0.798877
-0.714756 0.763656 -0.134409 0.133039 0.1
-0.56766 -0.504831 -0.12379 0.133701 0.606737
-0.902742 -0.116417 0.0914902 -0.111025 0.772377
0.497401 -0.337219 -0.0516149 0.226712 0.451303
0.562084 0.785245 0.222375 -0.226049 0.281876
-0.0709759 -0.697958 -0.0263506 -0.188877 0.734231
-0.888801 0.183764 -0.126442 -0.235045 0.664502
-0.54055 0.0400503 0.13767 -0.107032 0.281815
-0.0972995 0.569819 -0.0289436 -0.203209 0.78319
0.793597 0.392197 -0.0431542 -0.203848 0.1
-0.335341 -0.94997 0.185724 -0.191909 0.657116
-0.560877 -0.534708 -0.0260192 0.134123 0.620898
0.297833 -0.222883 0.152836 -0.0826867 0.212651
-0.302946 0.925991 -0.118725 0.00623128 0.184
-0.234779 -0.41693 -0.100523 -0.0321494 0.821334
0.691967 -0.849376 -0.224174 -0.236352 0.230782
0.615206 -0.816296 0.176174 -0.228696 0.789578
-0.742724 0.496165 0.215688 0.189622 0.1327
-0.647343 0.0881566 -0.0887248 0.118971 0.244713
0.894444 0.806366 -0.0937989 -0.0572438 0.16244
0.79875 0.58693 0.0493872 -0.139099 0.703482
0.790971 -0.992465 0.156373 -0.102985 0.371471
-0.306266 0.411122 -0.140073 -0.0269771 0.604758
0.878024 -0.962769 0.120538 0.248022 0.1
0.697186 -0.895255 -0.00634333 -0.128573 0.400192
-0.453869 0.600462 0.126377 0.135877 0.58814
0.548868 -0.0748459 0.0131398 -0.0108039 0.575103
-0.519469 -0.970576 0.198106 -0.24084 0.431629
0.731589 -0.65472 -0.0608464 0.0845054 0.865811
-0.126541 -0.532444 0.0979648 0.0975896 0.89875
-0.682502 -0.632555 0.126432 -0.196231 0.1
-0.822232 -0.992244 0.246585 0.245112 0.127393
-0.357738 0.802886 0.0680447 -0.0148143 0.788257
-0.872209 0.989707 0.192455 -0.0570958 0.833706
-0.103332 0.688015 -0.217444 -0.00932552 0.323847
0.855796 0.892576 0.221795 -0.109621 0.859718
-0.716477 -0.729904 -0.11082 0.244141 0.951122
-0.586528 -0.15752 0.181449 -0.0567029 0.906783
-0.388804 0.845684 -0.235291 -0.042765 0.757868
0.27957 0.558583 0.0867037 -0.0798307 0.835996
-0.0646586 0.125673 -0.230152 0.0597763 0.98686
0.263737 0.534539 -0.0947664 0.12877 0.61937
-0.518754 -0.683994 -0.0500912 -0.0959694 0.189931
-0.0953006 0.0138175 0.116933 -0.0288199 0.1
-0.726831 0.51081 0.0814074 0.036936 0.455674
0.871532 0.137438 0.0879885 -0.231408 0.1
0.898784 0.725265 0.0545386 0.100495 0.876997
-0.432842 0.387888 0.236075 0.222329 0.202175
0.24066 -0.972318 -0.152713 -0.0338483 0.121003
-0.662052 -0.830834 -0.0672096 0.0521589 0.862365
0.62432 -0.184462 -0.0856569 -0.163634 0.692373
0.564021 -0.00333685 0.0714059 -0.152312 0.964853
0.476859 -0.921177 -0.0231973 -0.249874 0.464041
0.372088 -0.405675 -0.162982 -0.179848 0.952999
-0.856923 -0.528809 0.246437 -0.0544437 0.356454
0.89484 0.0113553 -0.00717841 0.241809 0.652056
-0.374656 0.428545 0.157011 0.00466591 0.52581
-0.409217 -0.023822 0.161858 0.10649 0.242465
0.875377 -0.668783 -0.145654 0.180104 0.292317
0.645693 -0.767614 0.226134 0.0374466 0.497018
0.671552 -0.120357 -0.210156 -0.106885 0.746493
0.217284 0.404949 -0.173782 0.228275 0.567063
-0.551855 0.508812 -0.0361748 -0.0318245 0.637678
-0.0888515 -0.801752 0.138793 -0.240715 0.993903
-0.526477 -0.843142 0.0788519 0.218957 0.136484
0.248351 0.120223 -0.0606011 0.210293 0.559224
0.222691 -0.752933 0.109554 -0.246758 0.660946
-0.983174 0.766933 0.188234 -0.150102 0.17136
-0.0127962 0.935204 0.172498 0.20315 0.623239
-0.0841675 -0.128061 -0.21805 -0.0684459 0.824645
-0.776494 0.615692 0.220246 0.236846 0.673563
0.595104 -0.682828 -0.0196399 0.207251 0.325734
-0.108473 0.79603 0.137321 0.0114249 0.365525
0.318343 0.0725543 -0.240133 -0.0443122 0.542014
0.311946 0.565463 0.150059 -0.121075 0.1
-0.25386 -0.398462 0.0549651 0.200199 0.737507
0.591942 0.725484 0.208338 -0.24158 0.249572
-0.573531 -0.00410628 0.0677291 -0.144956 0.240396
-0.643371 -0.980876 -0.155146 0.219972 0.268015
0.234847 -0.542429 0.183638 -0.0816915 0.676467
0.767541 -0.251391 0.0240548 0.092788 0.810617
-0.321547 0.585017 -0.118739 0.0175941 0.784308
-0.756231 -0.92209 0.221723 0.194728 0.901615
0.873057 -0.623785 0.104964 -0.0534313 0.795005
-0.374605 0.506682 0.151389 0.0188666 0.159795
-0.211693 -0.558079 -0.230214 0.114075 0.36783
-0.637312 0.054754 0.00852057 -0.076956 0.1
0.0176696 0.891822 0.0988278 -0.00854233 0.950244
-0.569506 -0.652039 0.0363959 -0.0940306 0.258666
0.134504 0.790043 -0.0520594 -0.222814 0.817299
-0.315616 -0.633733 -0.0521253 -0.00173303 0.914189
-0.488608 0.322772 -0.0498474 0.0198106 0.405014
0.627503 0.315915 -0.213953 -0.197862 0.855966
-0.215757 -0.753592 -0.0124656 -0.0258851 0.236041
-0.148113 0.732075 0.242147 0.0946951 0.1
0.454026 -0.136364 -0.0567869 -0.0897532 0.991591
-0.841116 0.959745 0.219581 0.138211 0.786052
-0.132336 0.645077 -0.16841 0.0323694 0.568394
-0.235079 -0.684532 -0.157568 0.0623448 0.651675
0.455703 -0.856991 0.139219 0.0391285 0.75986
0.794037 -0.985475 -0.199143 0.0570229 0.985369
0.725429 -0.0547386 0.245063 -0.0224652 0.855421
0.76875 -0.905452 -0.106931 0.0232963 0.1
0.32659 0.0573657 0.0343132 -0.140942 0.1
0.892066 -0.0224885 0.169762 0.0375366 0.326503
-0.407502 -0.217789 -0.159815 -0.00895566 0.153286
0.639936 -0.0931571 0.0487104 -0.0370401 0.329743
0.0952641 -0.384665 -0.0791812 0.055639 0.498948
-0.759323 0.207412 0.182113 -0.0878385 0.305195
-0.19312 0.609812 -0.182577 -0.173357 0.1
0.499014 0.118617 -0.00890908 -0.155297 0.849734
0.0753608 0.917704 0.227853 0.148835 0.729589
0.874535 -0.962694 -0.00927927 0.173762 0.999791
0.171576 -0.98797 0.0699713 -0.228296 0.150009
0.574816 0.897274 0.0834941 0.0691113 0.968743
-0.587305 0.349607 -0.117232 -0.172564 0.395687
0.82274 0.823393 -0.000286102 -0.00489649 0.227411
-0.454685 0.193071 -0.0567892 0.0208885 0.608478
0.617514 -0.830453 0.0469991 0.0616474 0.915454
-0.279383 -0.626553 -0.160584 -0.144757 0.184547
-0.461694 0.550023 0.0952899 -0.105614 0.84106
0.0531939 -0.992129 -0.0704117 0.202527 0.176207
-0.73912 0.0172153 0.149114 0.0340285 0.197075
0.652973 -0.601312 0.10748 -0.151364 0.519626
0.917429 -0.152105 0.0445529 -0.0325015 0.95426
-0.00326079 0.0415059 -0.0540616 0.0409932 0.1
0.924341 0.912251 0.192652 -0.0394108 0.791325
-0.240018 0.739133 0.105964 -0.139905 0.793862
0.903028 -0.0818785 0.0822333 -0.214768 0.1
-0.104173 0.422808 -0.185861 0.0912963 0.427653
-0.0690662 -0.46213 0.161233 -0.00837304 0.195716
-0.622093 -0.136816 -0.224079 -0.158486 0.754051
-0.272774 0.72441 -0.156831 -0.137782 0.743379
0.787325 0.727765 0.0400983 0.1471 0.1
0.500981 -0.366641 -0.193007 0.138584 0.37037
0.544755 -0.522035 -0.184774 0.230696 0.410625
0.115374 0.861921 0.19331 0.0956728 0.411392
-0.66613 0.276147 -0.104515 -0.0100784 0.821277
-0.708211 0.307009 -0.189548 0.0520955 0.19564
0.631873 0.710165 -0.242974 0.137721 0.426937
0.734392 -0.445026 -0.0929017 -0.0186045 0.149194
0.689749 0.581148 0.0874794 0.238304 0.868112
-0.0973071 0.200142 0.10347 -0.0471387 0.1
0.399804 0.672735 -0.21062 -0.173896 0.388917
0.00379133 0.698296 -0.247822 -0.214287 0.700153
-0.478363 0.638707 -0.193245 -0.205277 0.1
-0.48226 -0.75734 -0.211782 -0.0283912 0.109031
-0.866088 0.162522 0.155694 0.0310808 0.918846
-0.763571 -0.394137 -0.0467286 -0.239596 0.577423
-0.197466 0.0196129 -0.0301277 0.0252867 0.69747
-0.707437 0.0725775 0.200956 0.159994 0.53374
-0.839377 0.78225 0.13408 0.053907 0.994045
-0.724965 0.56544 -0.19043 -0.162943 0.51691
0.464289 0.915565 0.0482528 0.00732428 0.498501
-0.874364 0.94769 -0.105348 -0.231144 0.911443
0.88148 0.527966 0.213224 0.0105615 0.950531
-0.324405 0.514917 0.220202 0.10284 0.985223
-0.554486 -0.384553 0.127555 0.0606369 0.684116
0.205446 -0.765322 -0.0998068 0.0376531 0.1
-0.477812 0.967354 0.119823 0.0767232 0.1
-0.710103 -0.387792 0.190756 0.119354 0.1
0.84215 0.874802 -0.0324461 0.226388 0.216905
0.190242 -0.164087 -0.137435 -0.247093 0.835521
0.263042 0.364195 0.183903 -0.20302 0.219658
0.109667 0.616459 0.076434 0.123504 0.279999
-0.642868 -0.0421984 -0.106741 0.148538 0.610673
-0.671978 0.735075 -0.0812634 -0.189439 0.245948
0.776459 -0.60484 -0.177028 -0.189214 0.456827
0.593292 0.82766 -0.161293 0.0126911 0.15321
0.229269 -0.0129765 0.186638 -0.143114 0.119771
-0.177243 -0.350558 -0.126451 0.163024 0.72126
0.393475 -0.813153 0.108719 0.0989434 0.1
-0.717246 -0.098941 0.0392473 0.249157 0.798357
-0.758684 -0.513985 0.215941 -0.173917 0.218038
0.446397 -0.385276 -0.040887 0.148151 0.773775
0.465072 0.684276 0.0492872 -0.216553 0.550373
0.702082 0.515584 -0.176472 -0.0982783 0.196398
-0.334799 0.125863 0.237946 0.178666 0.816781
-0.127294 -0.133002 0.100411 -0.093725 0.578676
-0.191562 0.463989 -0.186468 0.10932 0.924933
0.743181 0.243359 0.200243 -0.247864 0.236306
0.572098 0.807396 -0.128887 -0.140885 0.746451
0.76307 0.113306 -0.099846 -0.203863 0.137465
-0.133454 -0.834211 0.145012 0.236254 0.998788
0.879782 0.585421 -0.168572 0.116499 0.569454
0.64062 -0.43898 0.148679 0.175294 0.150121
-0.949276 -0.727744 -0.149846 0.190468 0.589002
0.192935 -0.224992 -0.0298599 -0.240316 0.96565
-0.569477 0.587268 -0.0171763 -0.0625639 0.822789
-0.191155 -0.733279 -0.0355026 0.218772 0.1
-0.647964 -0.155554 -0.138085 0.215418 0.555509
0.0212634 0.0922951 -0.107924 -0.0786821 0.837652
0.922023 -0.160772 -0.166996 0.00786769 0.1
0.607738 -0.90499 0.149446 -0.114144 0.40195
0.289444 -0.6011 0.0464833 0.0358997 0.1
0.535987 0.852764 -0.220604 -0.0786591 0.994935
0.62145 0.205248 0.0129373 0.0466433 0.553159
0.882033 -0.613986 0.215107 -0.241987 0.175693
-0.942005 -0.35646 -0.134873 0.0298165 0.377124
-0.115662 -0.0591532 0.0452915 0.220531 0.280414
-0.0259729 0.783974 0.0111969 -0.118673 0.637049
-0.948865 -0.425677 0.15392 0.220607 0.985179
-0.219856 0.340806 -0.183189 -0.1267 0.105976
0.930358 -0.942533 -0.0443767 0.151431 0.712991
-0.862293 0.633933 0.0146281 0.178055 0.379016
0.204787 0.683046 -0.0660586 -0.0647866 0.314806
0.213629 -0.752718 -0.104166 -0.146756 0.627721
-0.916311 0.570243 -0.0509455 -0.15553 0.907926
0.444389 -0.08884 -0.217797 -0.245322 0.1
-0.315021 0.581549 0.109126 -0.164733 0.680026
0.504014 -0.768243 0.031278 0.166806 0.518076
0.990927 0.0761821 -0.00640851 -0.196245 0.130318
-0.0233073 -0.864215 -0.0377153 -0.00507325 0.655502
0.863533 0.882582 -0.0161397 0.130471 0.234592
-0.832654 0.2457 -0.149911 0.148512 0.712142
-0.437287 -0.866595 0.0324523 -0.172079 0.106147
0.477152 -0.194989 -0.152603 0.110257 0.520377
-0.605014 0.682723 -0.0532204 0.167746 0.591769
0.486957 0.855518 0.203629 -0.249841 0.609348
0.709839 0.425524 0.247978 0.156186 0.142632
-0.618189 0.522386 0.0495849 0.218022 0.621463
0.349246 -0.318429 0.119271 -0.105227 0.284921
-0.586817 0.656041 0.195005 -0.0795376 0.946229
-0.792629 0.881458 -0.0741799 0.0724897 0.1
0.626187 0.751102 -0.0269012 -0.122683 0.365887
-0.86971 -0.98924 0.21315 0.237709 0.183686
-0.427052 0.0218881 -0.159181 0.211899 0.917868
-0.331196 0.653917 -0.199253 0.0340348 0.304772
0.949116 -0.0442208 -0.132121 -0.0146825 0.301086
-0.0220425 -0.990889 0.0539381 0.223517 0.1
0.682377 0.138178 0.190506 0.0850395 0.404392
-0.881501 -0.366355 -0.159587 -0.207375 0.858929
-0.103543 0.782358 -0.237621 0.0635392 0.165217
-0.361412 0.258147 -0.0518446 0.139913 0.1
-0.00717771 0.0791212 0.0351136 -0.216709 0.316607
0.38701 0.910779 0.181679 0.00589401 0.1
-0.561656 0.491256 -0.0215376 0.0482927 0.666699
0.398521 -0.865841 0.0264381 -0.214702 0.750825
-0.582368 -0.509089 -0.15173 0.0574713 0.161246
0.436401 0.538426 -0.00152411 -0.150259 0.377451
0.00716329 -0.589394 8.52942e-05 -0.0696061 0.547326
0.705787 0.126426 0.215456 0.245247 0.515036
-0.392073 0.356308 0.0355126 0.185788 0.907705
-0.120099 0.978766 -0.110325 -0.145797 0.270173
-0.872261 0.37372 -0.0544445 0.0144465 0.561989
0.524093 0.699067 0.0398155 -0.0720362 0.467568
-0.401465 -0.482639 -0.0790689 0.231497 0.624674
-0.106019 0.0527638 -0.0970914 -0.148619 0.504456
0.170716 0.418788 0.206172 -0.229839 0.565591
0.435069 -0.173185 0.0143892 0.108366 0.357162
-0.158233 -0.548395 0.162481 0.0508353 0.281274
0.0750191 0.162124 -0.179038 0.127102 0.821689
-0.70489 -0.791151 -0.172836 -0.236188 0.500472
-0.659077 0.576566 0.233975 -0.0202858 0.948865
-0.0965871 0.367946 0.036472 0.0205629 0.53239
-0.68198 -0.307835 -0.135609 0.0150155 0.220655
0.902088 -0.445392 -0.113128 0.0262901 0.1
-0.637036 -0.892164 0.0301096 -0.0101783 0.1
0.300522 -0.652378 -0.19209 0.0317976 0.86405
0.245047 0.153158 -0.161309 0.056005 0.1
0.769342 0.333983 -0.0330538 0.136014 0.668763
-0.847635 0.476307 -0.015436 0.00239503 0.233625
0.841092 0.210563 0.11311 -0.0261034 0.55375
-0.76579 -0.0363321 0.0895969 0.147958 0.391719
-0.935636 -0.0210379 -0.00722186 0.0532295 0.142858
0.350544 0.60304 -0.106696 0.140682 0.1
-0.357734 0.234852 -0.198525 0.122025 0.557202
0.664379 -0.941459 0.0973643 0.0652249 0.1
0.635987 -0.267397 0.0594429 0.180027 0.126455
-0.868509 0.0193361 0.110082 0.212138 0.279461
-0.846601 -0.500658 -0.0188977 0.132262 0.229553
-0.85071 0.965626 -0.0977107 0.201382 0.684587
0.404094 -0.212824 0.161592 0.186075 0.833964
0.167764 0.0485944 0.0611089 0.01855 0.772548
0.61797 0.876094 0.19515 0.113904 0.768552
0.739685 -0.782693 0.235992 0.0635737 0.932432
0.609221 0.576301 -0.0121177 -0.0481986 0.450497
0.79501 0.553748 0.156905 0.24146 0.409773
0.881666 0.213663 0.183092 0.0716023 0.206604
-0.119815 0.526638 0.21851 0.148151 0.1
-0.995774 -0.520636 0.189275 -0.0792983 0.952247
0.514305 0.404838 -0.116677 -0.135414 0.413051
0.664531 0.380921 0.18457 0.163197 0.238021
0.0603575 -0.599946 0.0470226 -0.10895 0.957065
-0.420658 0.484947 0.00389808 -0.231818 0.615676
0.659248 -0.325576 0.027382 0.119475 0.101511
0.233366 0.788424 -0.218478 0.111043 0.663067
0.263945 -0.247109 0.115829 0.0828891 0.60896
-0.906677 0.975378 0.0471344 0.0188527 0.892215
-0.0880822 -0.179482 -0.196013 0.122546 0.579459
-0.898762 0.060622 0.245751 0.0332483 0.535662
-0.499108 0.35934 -0.151297 0.233258 0.780917
-0.667046 0.167136 -0.0651199 -0.108864 0.753557
0.349254 -0.126375 -0.151232 0.247013 0.297426
0.725249 -0.261036 -0.0346047 0.218928 0.662015
-0.188462 0.980012 -0.0789078 -0.167326 0.810226
-0.783821 0.954577 -0.139584 -0.181068 0.184786
0.000142336 0.129547 0.245971 -0.152295 0.69516
0.176084 0.869315 0.104194 0.0566455 0.903783
-0.347416 0.91556 0.0632273 -0.0290048 0.1
-0.135563 0.281863 -0.111564 0.240049 0.1
-0.794326 0.174524 -0.0989618 0.0387651 0.279306
0.511829 0.789645 -0.0112223 -0.0432551 0.731251
0.379577 -0.0488564 -0.0760333 -0.078475 0.535135
0.827454 0.428206 -0.181369 -0.155171 0.912742
0.709085 -0.511232 -0.240433 0.0765097 0.871696
-0.0723756 0.0686263 0.226246 -0.202079 0.971407
-0.330526 -0.522835 -0.0134227 -0.108912 0.74601
-0.963554 0.975407 -0.0792349 0.222037 0.514367
0.446235 -0.287086 -0.127212 0.0691085 0.224903
0.761034 0.264702 -0.0901071 0.138178 0.794244
0.562899 0.164066 -0.160306 0.194072 0.173886
-0.173972 -0.634489 -0.0800481 0.135031 0.1
-0.00909072 0.0284805 -0.107953 -0.237696 0.387777
0.967732 0.302531 0.198687 -0.049235 0.246219
-0.435685 -0.784856 -0.176974 -0.248448 0.719139
-0.173356 0.760364 -0.241474 -0.027965 0.1
-0.864379 0.87775 0.135223 0.238676 0.631514
0.969061 -0.537937 -0.0178958 -0.159547 0.919316
-0.054862 -0.0578521 0.214078 0.236882 0.841549
-0.497163 0.0111164 -0.096249 0.173608 0.749789
0.640031 -0.824388 0.167107 0.161713 0.662695
-0.25086 -0.365111 -0.00527973 -0.132534 0.145168
0.196855 -0.360318 -0.0509102 0.0971499 0.404549
-0.092773 -0.0542805 -0.0262945 0.165142 0.395782
-0.177024 -0.895249 0.102657 -0.00607115 0.759921
-0.88981 0.987266 -0.0941781 0.231053 0.67552
0.379039 -0.696181 -0.0509602 0.182045 0.1
0.870042 -0.410708 0.2278 0.242961 0.851623
0.953461 -0.220252 -0.160768 0.018312 0.761856
-0.780466 -0.843536 -0.136121 -0.190962 0.929484
0.79605 -0.920283 0.0974661 0.205148 0.734458
0.482878 -0.719779 0.0799055 -0.0962699 0.1
-0.135754 -0.0176934 -0.236763 -0.177636 0.131419
-0.266616 -0.765449 0.0671742 0.147838 0.36857
0.906512 -0.737148 0.0527199 0.0412857 0.281155
-0.106356 -0.935596 0.00234157 0.123768 0.639498
0.00721323 -0.507507 -0.241977 0.0598931 0.775617
-0.79709 0.0882107 -0.181469 0.239808 0.304374
-0.173727 -0.733521 0.100517 0.163978 0.192563
-0.9448 0.128863 0.103102 -0.139659 0.1
0.58973 -0.785871 0.136832 0.0725045 0.355769
-0.195986 -0.670959 0.184384 -0.124442 0.737333
-0.949529 -0.675456 -0.057186 0.237273 0.918358
0.382359 -0.805418 -0.0986448 0.0665455 0.6815
-0.855698 0.769805 -0.132568 0.166033 0.879043
-0.24409 0.407009 -0.194515 -0.231607 0.392378
0.255792 0.576831 0.241758 -0.183909 0.854764
0.203688 0.253001 0.178988 -0.107258 0.1
0.35155 -0.423155 -0.0490568 -0.140832 0.1
0.81417 0.918704 0.249406 -0.193528 0.830282
-0.649819 0.00571251 0.151317 0.231205 0.366969
0.58952 -0.155862 0.201394 0.218536 0.528525
-0.491839 0.0788437 -0.100769 -0.181154 0.137279
0.338414 -0.0395238 -0.14761 -0.00167075 0.309754
0.800924 -0.153911 0.00910375 -0.147968 0.544465
0.282454 -0.510953 0.0670188 -0.0682496 0.865345
-0.985106 -0.810851 0.0285595 0.111095 0.853313
0.431159 0.631204 0.163896 0.141343 0.47279
-0.508746 0.719503 -0.180489 -0.0177596 0.26923
0.418725 0.861168 -0.223316 -0.0632119 0.926669
-0.0061211 0.623612 0.212229 0.0472989 0.463835
-0.799318 0.19509 -0.0692574 -0.106554 0.718921
-0.0359536 -0.487354 -0.120091 -0.0292341 0.792379
-0.645963 0.170371 0.113837 0.199731 0.441365
-0.590072 -0.575532 -0.139313 -0.183831 0.69695
-0.535153 -0.989062 0.112677 0.19519 0.669255
0.134422 0.205388 -0.239516 -0.239372 0.883533
-0.0573956 0.993516 0.0966816 0.157996 0.1
0.48447 -0.18596 0.141068 -0.194775 0.200924
0.250285 0.250811 -0.0239111 0.0455113 0.664274
-0.903191 -0.126772 0.129652 0.176661 0.600198
-0.566076 0.822809 -0.0170875 -0.0308758 0.257107
-0.210589 -0.10266 -0.247367 0.19993 0.1
0.81321 -0.49537 -0.1774 -0.0404312 0.1
0.908353 -0.24585 0.0103388 -0.21738 0.591676
0.153844 0.26175 -0.180488 -0.0264177 0.331011
-0.0411215 -0.0687113 0.0753338 0.046841 0.682111
-0.097092 0.24696 -0.036551 -0.0187506 0.887618
0.315516 0.793264 -0.13916 -0.104816 0.942438
-0.947971 0.239029 0.152177 -0.0906532 0.115448
-0.650456 -0.0994186 -0.114669 -0.128282 0.104402
-0.36825 0.899048 -0.170256 -0.00297359 0.868963
-0.506085 0.82724 0.0150811 0.0248148 0.517682
0.318327 -0.850754 -0.122114 0.169683 0.547025
0.7348 0.0624257 -0.0509066 -0.0796787 0.25875
-0.9699 0.67415 -0.0867499 -0.178263 0.7579
-0.965196 0.692039 0.0296052 -0.170288 0.1
0.15933 -0.766302 0.213582 0.0680627 0.857741
0.479981 0.399123 -0.198213 -0.147986 0.669555
0.0205749 0.166617 -0.175987 -0.192721 0.163393
0.887221 0.835383 0.243919 0.243124 0.520382
-0.344751 -0.0648116 0.211041 0.0795829 0.525379
-0.930971 0.860703 -0.142235 -0.17042 0.718137
-0.293851 0.093661 0.0606639 -0.24749 0.1
0.43839 0.429116 0.15616 -0.00633377 0.224525
0.490632 0.618135 -0.237951 -0.0593768 0.391552
-0.482038 0.812339 -0.169861 -0.113927 0.904718
-0.713783 -0.281723 -0.153472 -0.170072 0.275132
-0.667753 0.971169 -0.178877 0.151653 0.209994
0.446625 -0.479219 0.0719346 0.184065 0.460999
