10000
2000
0.01
1
0.01
0.275521 0.251086 0.1186 -0.0636912 0.137574
-0.858463 -0.830451 -0.0993449 -0.0175787 0.55976
0.635571 -0.523032 -0.218316 -0.030486 0.279257
0.487161 0.352058 0.217294 0.0689384 0.885352
0.891199 -0.812996 0.069973 -0.0554581 0.343797
-0.845109 0.591972 -0.11011 -0.19681 0.687349
-0.179363 0.644577 -0.134855 0.0555521 0.133874
-0.334634 -0.202483 0.0685532 -0.142729 0.22193
0.163501 -0.533312 -0.162156 0.131147 0.295212
0.600981 0.0819939 -0.206731 -0.101629 0.278424
-0.0704477 -0.00178206 0.236609 0.0903625 0.210575
-0.0135696 -0.30183 0.220313 -0.1891 0.93223
0.731237 0.017598 0.230513 -0.138901 0.783213
-0.0402902 -0.237815 -0.116758 0.0219093 0.819746
-0.426809 -0.68781 0.0971246 0.156717 0.483584
0.0445187 0.506802 0.124086 -0.0457461 0.332639
0.287063 0.566385 0.0206245 -0.153524 0.579274
0.411111 0.737272 0.244669 0.0252328 0.57526
0.6762 -0.437239 -0.218885 -0.109495 0.815744
0.549295 -0.107665 -0.0240139 0.0077796 0.358885
0.722773 0.526086 0.16564 -0.160255 0.625934
-0.928068 -0.0947838 0.114075 0.219192 0.583665
0.218976 -0.768959 -0.190513 -0.133931 0.698528
-0.0586191 -0.216142 -0.067096 0.208057 0.184497
-0.573034 0.787236 -0.156134 -0.0919616 0.447867
-0.514571 0.772834 -0.117748 -0.24888 0.956193
0.751411 0.955095 -0.102706 0.174097 0.476755
-0.241684 0.0989449 0.220476 -0.155165 0.592038
-0.612425 0.587164 -0.092191 0.203284 0.150107
0.452073 -0.456811 -0.159029 -0.226133 0.875256
-0.0430537 -0.608149 0.239971 0.2114 0.952012
-0.728627 0.282936 -0.233074 -0.194596 0.131353
-0.293944 -0.739999 0.0513363 -0.189034 0.366218
0.372655 0.673619 0.114544 -0.149296 0.97341
-0.2034 -0.66301 -0.0280894 0.0782717 0.264455
-0.929375 -0.84394 0.0656359 -0.141946 0.1
-0.230965 0.0130429 -0.0183755 -0.134725 0.1
-0.0391936 -0.525535 0.0811465 -0.225744 0.985232
0.630478 -0.499795 0.0439008 0.127732 0.155692
-0.21298 0.470595 -0.127783 -0.096957 0.887255
-0.278974 -0.708255 0.0726713 0.120677 0.699327
0.0681181 -0.984245 0.172274 -0.00746021 0.212212
0.943291 0.440333 -0.00589041 0.178748 0.236084
-0.645591 0.270625 0.213992 0.0247169 0.911846
0.565658 -0.345453 -0.203121 -0.039551 0.893132
-0.946774 -0.573742 -0.202764 -0.00130391 0.71139
0.19289 -0.713525 0.152076 0.223559 0.676314
-0.398594 -0.984545 -0.215501 -0.155463 0.1
0.783893 0.941191 -0.0537052 0.0957382 0.112534
0.470344 0.860542 -0.0529953 -0.0881289 0.44531
-0.199613 -0.641413 -0.144289 0.194517 0.796834
0.373169 -0.840609 0.233875 -0.0182163 0.260079
0.249573 -0.30333 -0.117807 -0.190648 0.833075
0.103601 -0.00580966 -0.204615 0.0286273 0.998547
0.628025 0.589778 0.152665 -0.138879 0.547529
-0.0375404 0.920099 -0.137964 0.0253975 0.567073
-0.932558 -0.305717 0.00674751 -0.140161 0.947118
-0.767303 0.360645 -0.0543656 -0.0478007 0.173758
-0.550484 0.291219 -0.0318615 -0.135743 0.793686
0.249935 0.992732 -0.173308 -0.234624 0.362664
-0.352017 -0.599596 -0.213275 -0.194422 0.259927
0.386864 0.534945 0.100782 -0.206869 0.803662
-0.307444 0.263826 0.107672 -0.202768 0.1
0.0403119 -0.0139434 -0.183657 -0.219503 0.858314
-0.102943 -0.692361 -0.137428 -0.172595 0.70979
0.873211 -0.70114 0.00152028 0.203552 0.1
0.0399867 -0.686881 0.155326 -0.0426224 0.905003
-0.595358 -0.623439 -0.0655526 -0.140341 0.303395
-0.983572 0.790608 0.0311978 0.171647 0.681901
-0.659519 0.123845 0.0533548 -0.175939 0.525634
0.209069 0.906832 0.22823 -0.156882 0.255001
0.704965 0.920775 -0.040346 0.147049 0.568707
-0.954859 0.11859 -0.0360627 0.142884 0.913742
-0.674433 0.560844 -0.00601648 -0.151608 0.138612
-0.622846 0.814387 0.0604022 0.0371006 0.68292
-0.034509 0.684405 -0.218658 0.00786602 0.303012
0.29318 -0.42527 0.240115 0.220257 0.729515
-0.329533 0.997416 -0.0261435 -0.204216 0.981143
0.62843 -0.726256 0.132289 -0.145349 0.1
-0.0802338 -0.970877 -0.142275 -0.0406156 0.1
0.125466 -0.840787 -0.19416 -0.0429056 0.956511
-0.816174 -0.743992 -0.218666 -0.208899 0.1
-0.535941 -0.979356 -0.0524308 0.0737328 0.979022
0.0459603 0.297197 -0.220762 0.0831364 0.491321
-0.985053 -0.613026 0.201934 -0.0893073 0.216359
-0.505759 0.217206 0.0398456 -0.0556915 0.649202
0.661808 -0.630575 0.171395 -0.145338 0.287653
0.830668 -0.00290877 -0.127769 0.15771 0.671832
0.931642 0.723437 -0.0256582 0.133358 0.498997
-0.0976955 -0.382505 -0.0296227 0.0119906 0.310172
-0.756292 -0.364547 0.0323839 -0.0771144 0.729474
0.223864 0.34382 0.120651 -0.0595618 0.42539
-0.326304 0.159322 -0.210742 0.0117047 0.1
-0.307965 0.446428 0.141213 0.00682184 0.1
-0.0373044 -0.815791 0.0743415 0.124293 0.362689
-0.841842 0.253641 -0.103519 -0.156767 0.436908
0.522406 -0.721067 -0.242532 -0.0968194 0.218371
-0.31664 -0.466032 -0.22407 0.168247 0.450717
0.0126289 -0.676035 -0.0467652 0.227335 0.286925
-0.549373 -0.482615 -0.102377 -0.123045 0.381925
0.583855 -0.91934 0.107451 0.190887 0.736337
0.211833 -0.794815 -0.0880291 0.0248473 0.912176
0.0361029 -0.088774 -0.0414302 0.0807988 0.520631
-0.405341 0.449976 0.169046 -0.210006 0.895913
0.314648 0.232175 -0.223532 -0.156717 0.23725
-0.668433 0.107113 -0.179123 -0.150133 0.449503
-0.234022 0.396846 0.242234 -0.213536 0.923256
-0.496777 -0.447483 0.249603 0.0273068 0.1
-0.141628 -0.866073 -0.0259181 -0.227015 0.836065
-0.0301779 0.794245 -0.199536 -0.162216 0.829902
-0.548495 0.464198 -0.207716 -0.0553557 0.205373
-0.82056 0.162427 -0.221657 0.108226 0.953679
-0.513056 -0.330011 -0.100387 0.0748897 0.712708
0.52074 -0.0506272 0.184249 0.0124969 0.175576
-0.645569 0.947306 0.144727 0.0662716 0.954998
0.921953 -0.877184 -0.0912583 -0.0699907 0.49031
0.199823 0.151024 0.0547807 -0.102246 0.473677
0.902481 -0.38012 -0.00472753 -0.0954891 0.276373
0.68346 0.794053 0.159864 -0.0110696 0.266289
0.979846 -0.386281 0.0850431 0.120683 0.942573
-0.238 -0.18739 0.0902365 0.060759 0.746777
0.536935 0.137364 0.1024 0.199025 0.960193
0.307871 0.599369 0.179383 0.0695634 0.737323
-0.887343 0.741732 0.168606 0.075877 0.939196
0.904971 0.828576 0.121059 -0.0241045 0.124588
0.245287 -0.305147 -0.183193 -0.167727 0.1
0.579317 -0.882596 0.0519421 -0.246758 0.48364
0.577026 0.507541 0.235487 0.115015 0.287332
0.249706 0.102333 -0.152283 0.187164 0.839381
0.772068 -0.456321 -0.178597 0.212615 0.44293
0.977713 -0.275864 -0.0656034 -0.231061 0.722302
-0.956341 0.386724 -0.129007 -0.208366 0.926621
0.39154 0.380065 0.246341 -0.0325637 0.262611
0.0128094 0.820971 0.168149 0.140569 0.289657
0.819354 -0.845404 0.220216 -0.178003 0.468932
-0.257195 -0.016237 -0.231141 0.201105 0.1
0.347247 0.0406837 -0.0713139 -0.06577 0.383576
0.523938 0.493819 -0.0685559 -0.207884 0.871479
-0.318025 -0.621227 -0.0619176 -0.243296 0.30094
-0.838418 0.336312 -0.146208 0.0837944 0.671235
0.234208 -0.826855 -0.162316 -0.23173 0.693813
0.0242251 -0.770051 -0.100424 0.144896 0.701235
-0.168041 0.854789 0.00673559 -0.209144 0.552815
-0.126049 0.0628237 0.205628 0.179521 0.426408
-0.704463 -0.121906 -0.0278428 -0.0869322 0.726218
0.803348 0.942212 0.0358641 0.05275 0.75787
0.210106 -0.526123 0.171665 0.142964 0.384236
0.109083 0.286484 0.227581 0.0647721 0.499882
0.650304 -0.933811 -0.178493 0.244389 0.1
-0.430553 -0.952848 0.172381 0.163094 0.907251
0.220443 -0.927726 -0.218857 -0.170621 0.300909
0.521007 -0.568287 0.133308 0.209396 0.1
0.322185 -0.951035 0.214444 0.0646037 0.747539
-0.103879 0.824176 0.209794 0.113266 0.1
0.797151 0.454805 -0.0235464 -0.0573943 0.180644
0.61173 0.454835 0.0515133 0.126863 0.855905
0.098809 -0.581919 0.203065 -0.15387 0.89365
0.0285602 0.801805 -0.0040947 0.179811 0.931757
0.0943077 0.915611 -0.214826 -0.0574503 0.836209
-0.681168 -0.362643 0.127802 -0.105738 0.1
0.618869 0.977159 0.0413899 0.0927634 0.756374
0.727397 0.408365 0.154915 0.21032 0.93929
-0.512325 -0.479516 -0.241318 0.0670047 0.632833
-0.593355 0.556077 0.24097 -0.0232867 0.286364
0.475577 -0.48262 -0.0294053 0.0921865 0.777198
0.415792 -0.690007 -0.147235 0.0551141 0.611552
-0.764936 -0.121304 -0.228767 -0.0395366 0.707071
-0.194483 -0.402975 -0.0361861 0.0337334 0.436173
0.846667 0.594471 -0.226016 0.133967 0.398171
-0.8138 0.0590355 0.0111008 0.212673 0.184839
0.19618 0.421391 0.230024 -0.0707571 0.958123
-0.335225 0.643546 -0.226655 -0.0095374 0.50541
-0.517645 0.983178 0.176067 -0.0291484 0.1
0.0375494 0.366519 -0.014143 -0.0776209 0.776645
-0.138683 -0.569353 0.175438 0.234217 0.573724
-0.106748 0.374937 -0.204127 -0.00182189 0.821454
-0.0919196 -0.0386608 0.13936 0.0948189 0.1
-0.39225 0.8734 0.0566899 -0.191553 0.530315
-0.563732 -0.575439 -0.0487063 -0.0645892 0.1
-0.531707 -0.906644 -0.234816 0.0767992 0.385315
-0.541777 0.239013 -0.173724 0.202195 0.1
-0.779557 0.25101 0.205135 -0.0258344 0.455254
-0.750454 -0.254965 0.0050267 0.0848544 0.763531
0.602882 0.0280977 0.1687 -0.247126 0.1
-0.407421 -0.52287 0.0619704 0.228151 0.792179
0.481993 0.835462 -0.0342791 0.0232619 0.97416
0.839741 -0.408924 0.155147 -0.127124 0.946516
-0.651795 0.146714 0.0920514 -0.0939887 0.517701
-0.255237 0.862597 0.132238 -0.221248 0.344889
-0.395624 -0.137956 -0.044575 -0.0539474 0.420459
0.854425 -0.339404 -0.123072 -0.159226 0.629557
-0.246207 0.981017 0.243795 0.0934724 0.75456
0.0987898 -0.706107 0.244003 0.137436 0.1
-0.890894 0.604762 0.0997463 -0.076281 0.851797
0.522469 -0.622636 -0.0620337 0.15872 0.450612
0.179873 -0.135034 -0.163001 0.0765413 0.672846
0.685108 0.289928 0.138611 -0.138559 0.303881
0.491425 0.318933 -0.0990076 -0.00224134 0.325385
0.555804 -0.833777 -0.0644435 0.181938 0.227532
0.566614 -0.731522 -0.245474 0.0103159 0.341725
0.865485 0.973298 -0.242266 -0.0382132 0.376979
-0.873356 0.156346 0.0840129 0.155186 0.6968
-0.221143 0.498679 -0.102158 0.187382 0.52312
-0.0344839 -0.657794 -0.216559 -0.0367593 0.56236
0.976855 -0.492599 -0.130165 -0.0727394 0.481777
-0.559559 -0.820296 -0.212101 0.0833192 0.1
-0.15643 0.115174 0.175324 0.225245 0.590319
0.261203 -0.508136 0.116604 0.20796 0.493767
0.784313 0.566177 -0.0107799 0.0453717 0.197912
-0.542698 -0.363376 -0.12587 -0.00908449 0.863281
0.700966 -0.541449 0.0876903 -0.0658729 0.36338
-0.775632 0.827635 0.238605 -0.0703124 0.534874
-0.380019 -0.746559 -0.047061 0.209426 0.1
0.962245 0.889358 0.236079 0.0342109 0.148479
0.979444 0.949975 0.192931 0.00843534 0.15721
0.141539 0.294936 -0.228965 -0.161667 0.1
-0.0793851 0.0508435 -0.24412 -0.103061 0.619685
-0.203715 -0.528446 0.0708075 -0.0375606 0.216154
0.17878 -0.173201 -0.231232 0.230641 0.49643
-0.540077 -0.615007 0.173649 0.0855108 0.340262
0.63971 -0.858224 -0.0354782 0.00931084 0.909787
-0.338272 0.106807 0.165319 0.0242351 0.549611
-0.914015 -0.736995 0.0639154 0.214751 0.196713
0.175192 -0.496647 -0.206029 -0.234384 0.495833
-0.785737 -0.113953 -0.085306 0.162839 0.769213
0.568486 -0.541275 0.0927044 -0.168186 0.649885
-0.941165 -0.240214 0.132523 0.0742205 0.108686
0.387036 -0.429962 -0.111545 -0.00319257 0.695479
-0.882763 -0.331456 -0.00393051 -0.231087 0.537134
-0.70577 0.619888 -0.128263 0.187553 0.308631
0.392431 0.253773 -0.158464 -0.167558 0.171037
-0.277215 0.963915 -0.223207 -0.0696087 0.1
-0.534604 -0.683677 0.0910747 0.00083831 0.504791
0.222965 0.081892 -0.245947 0.203863 0.232184
-0.755121 -0.593966 0.177898 -0.066205 0.75402
0.371844 -0.147392 -0.111586 0.0509386 0.656417
-0.421908 -0.857515 -0.0233756 0.0714093 0.12502
0.878505 0.290372 -0.224883 0.0121957 0.388743
-0.656392 -0.325149 0.132416 -0.0781202 0.386804
-0.985044 0.35343 0.215409 0.114105 0.331794
0.583597 0.155039 0.069499 -0.111834 0.788736
0.926877 -0.880508 0.233156 0.228598 0.734665
0.42653 -0.242501 0.0860434 0.18753 0.245492
-0.133418 -0.23993 0.125975 0.0711527 0.810235
-0.988075 0.187328 -0.0605668 0.208792 0.73583
0.687838 -0.164233 -0.013052 -0.110823 0.32938
-0.610744 0.270311 -0.0649747 0.105044 0.940694
-0.145816 0.270774 -0.215084 -0.236476 0.160401
0.208547 0.783798 -0.0434619 0.0380003 0.836374
-0.22298 -0.496404 0.00391984 0.197087 0.405632
-0.0769514 0.311537 0.0812108 -0.204068 0.139538
0.109988 -0.125598 0.215181 0.101924 0.25186
0.763743 0.0513787 0.247205 -0.1717 0.389273
0.302043 0.189126 0.040574 -0.136663 0.866854
-0.684771 0.156105 0.145275 0.0738842 0.606744
-0.973148 -0.638079 0.234746 -0.0450165 0.281446
0.223695 -0.525338 -0.127872 0.213285 0.787345
-0.264698 0.703753 -0.0316085 -0.147266 0.163201
-0.645147 -0.877292 0.10334 0.144326 0.522497
0.847245 -0.255261 0.12964 -0.221173 0.944464
-0.242627 -0.106455 -0.0220479 -0.171961 0.381505
-0.573092 -0.0051316 -0.249805 -0.0620187 0.935317
0.351809 0.474985 -0.0566484 -0.136017 0.43452
0.064283 0.124496 -0.0671766 0.21651 0.632461
0.457003 0.416569 -0.225062 -0.139018 0.470795
-0.915036 -0.620366 -0.127249 0.110611 0.974048
0.0121974 -0.553973 -0.132684 0.202531 0.848329
0.623454 0.437136 0.123946 0.167728 0.299502
0.505567 0.89832 0.241365 0.023056 0.678404
-0.486482 -0.267774 0.193746 0.106903 0.114946
-0.304357 0.859048 0.204578 -0.201549 0.481399
-0.197988 -0.481365 0.0679724 -0.170909 0.705525
-0.77982 -0.292433 -0.146346 -0.0359657 0.156182
-0.317395 -0.58489 0.244893 0.215073 0.610377
0.250463 -0.482046 0.183301 -0.0962531 0.76085
0.213012 -0.855639 0.149166 -0.231891 0.874782
-0.897348 -0.660153 0.0452932 0.227124 0.677371
0.123274 -0.152687 0.243685 -0.0454215 0.346772
0.727677 -0.290122 -0.00413589 -0.0928149 0.469687
0.428115 -0.0492824 0.221803 -0.0457447 0.1
0.170673 -0.424021 0.0699556 0.187335 0.919696
0.105555 0.837192 0.154599 -0.0526322 0.574147
0.219723 -0.0811286 -0.0582733 0.0357754 0.962415
0.504109 0.449925 0.205256 0.205825 0.1
0.279102 0.915656 -0.0568384 -0.125585 0.849349
0.875485 0.254159 -0.136977 0.165319 0.76265
-0.231076 -0.376177 0.0895707 0.202049 0.480159
-0.749866 0.933583 0.184347 0.0428895 0.975591
-0.980546 0.874652 -0.173116 0.0835039 0.1
-0.565916 0.725052 -0.023679 -0.199695 0.375025
0.665363 -0.63839 -0.213551 0.231649 0.795769
-0.0704999 0.0738614 0.101889 -0.0791426 0.864293
-0.324251 -0.123671 -0.181453 -0.095365 0.972894
-0.00655556 -0.373747 -0.0247926 0.0827505 0.711332
0.907535 0.714228 0.0735223 -0.0947306 0.311447
0.784577 0.474383 0.187582 -0.141254 0.1
0.119295 0.29124 0.128653 -0.163378 0.461388
-0.652504 0.32669 0.0285625 -0.0275846 0.595847
0.5413 -0.851903 -0.0899437 0.0223561 0.520526
-0.95727 0.68956 0.117662 -0.134184 0.468401
-0.246142 0.769567 0.132823 -0.200804 0.152273
-0.205692 -0.0623928 0.0666451 0.0586353 0.947406
0.101056 0.36726 0.17067 0.101003 0.60874
-0.464525 0.496959 -0.235104 0.216558 0.409581
-0.976863 0.972128 0.170797 -0.219657 0.574802
0.57885 -0.288244 -0.170383 -0.185927 0.132381
-0.932188 0.751843 0.0252048 0.172146 0.341366
0.658038 0.637303 0.0915802 0.0625076 0.814903
0.553929 -0.152482 0.142548 -0.0239087 0.1
-0.0829865 -0.420065 0.243128 -0.223452 0.167262
0.674896 -0.44682 -0.0579384 -0.118358 0.811455
-0.938153 0.519625 0.224559 0.187612 0.1
0.883383 -0.953012 -0.169032 -0.0239422 0.595431
0.390625 -0.638837 -0.0145832 0.221778 0.289699
0.869486 -0.449496 -0.0839801 -0.119433 0.168907
0.680909 0.658842 -0.175011 0.169062 0.1
0.264327 -0.0438211 -0.0686491 -0.242984 0.491904
-0.548317 0.200619 -0.147712 -0.0659977 0.628452
0.924745 -0.977829 0.156822 0.0475419 0.970614
0.844781 -0.188966 -0.175263 0.22028 0.197084
-0.713421 -0.474394 -0.110666 0.208471 0.855189
0.660899 0.457938 -0.158961 -0.103074 0.750478
-0.950106 -0.722661 -0.00904468 0.117102 0.405107
0.959166 -0.0405101 -0.0972901 -0.0838292 0.847727
0.639483 0.825052 0.171977 0.115698 0.822945
0.235796 0.997371 -0.129915 -0.169315 0.954906
-0.714759 0.658774 -0.0297917 -0.132393 0.151056
-0.936632 -0.809745 -0.19349 -0.206466 0.1
-0.467601 -0.860803 0.0874292 -0.0744151 0.96044
-0.692889 0.0758971 0.185604 -0.154044 0.46037
-0.331271 -0.786754 -0.117175 0.0278611 0.957109
0.588072 0.350561 -0.0877618 0.142028 0.1
0.489804 0.372651 0.133684 0.188769 0.1
0.850297 0.328358 0.195261 -0.176118 0.158317
-0.824251 -0.677795 0.210685 0.055179 0.933811
0.528788 -0.411914 0.0954609 0.0360067 0.254142
-0.975539 -0.221121 -0.0506468 0.027286 0.355094
0.928004 0.0735272 0.203747 -0.0221782 0.918271
-0.414718 -0.185362 -0.215079 0.0181234 0.627019
-0.174718 0.168207 0.214603 0.0343592 0.27043
0.793061 -0.426908 0.198432 -0.0645299 0.145423
-0.393143 0.609958 -0.0350103 0.0611459 0.127074
-0.0164338 -0.22079 0.0288633 -0.102515 0.441986
-0.261548 0.471168 0.0526322 0.213893 0.718881
0.109157 -0.113179 -0.0851307 -0.10517 0.471412
0.135144 0.867357 -0.226879 0.0568006 0.631565
0.596864 -0.0965254 0.2308 -0.0181546 0.198042
-0.606967 -0.0676501 0.149659 0.137057 0.680708
0.155334 0.730873 0.108124 0.0766007 0.520396
0.602936 -0.868968 0.0938922 -0.0905835 0.1
0.0986738 0.11521 -0.0738806 -0.0457001 0.821209
-0.45495 0.46019 -0.219326 -0.172173 0.218871
-0.581962 -0.857746 -0.156275 0.0774173 0.13306
0.420294 -0.0848019 0.128997 0.0381285 0.873242
-0.400441 -0.323459 0.103545 0.0618586 0.161668
0.333619 -0.984296 -0.0281812 0.0402981 0.944175
-0.134012 -0.513091 0.0145411 -0.222854 0.348009
-0.958665 0.800489 0.124523 0.181096 0.802291
-0.0735173 0.458371 -0.0739594 0.114834 0.981216
0.168607 -0.319719 0.184961 0.0517934 0.846578
-0.153943 0.817858 -0.134449 0.131301 0.329221
0.326395 -0.494376 -0.23463 -0.137766 0.334938
-0.459437 -0.181014 -0.218018 0.0712177 0.1
0.220186 0.984254 0.0368107 0.125372 0.820387
0.759638 0.670003 -0.0329765 0.199586 0.282624
0.870516 0.466619 0.0548591 -0.222457 0.555274
0.241951 0.44946 0.217405 -0.117763 0.142344
0.766371 -0.439881 -0.104384 -0.0634655 0.713577
-0.717394 -0.150863 0.0561152 -0.11732 0.401034
-0.954376 0.396814 0.132428 0.135489 0.1
0.868332 -0.570508 0.0459583 -0.176007 0.1
0.533961 -0.457999 0.187305 0.017305 0.812693
-0.966373 -0.268167 0.0480751 -0.0552418 0.307138
0.537427 -0.0931039 0.0960296 -0.0298831 0.146854
-0.36775 -0.572103 -0.0412195 0.170011 0.395624
-0.394522 0.0148661 -0.0679809 -0.18464 0.337149
-0.43425 0.580763 -0.0325546 -0.204509 0.404294
-0.0185843 -0.00783318 0.0353847 0.182528 0.1
-0.653123 -0.850229 -0.182667 -0.0282243 0.150934
-0.677525 -0.604223 0.0707498 -0.0418369 0.1
-0.488103 -0.448734 -0.00423427 0.110658 0.277912
0.0342424 -0.588959 -0.183749 0.00209406 0.249956
-0.16649 -0.259871 -0.189041 0.107165 0.972355
-0.871025 0.983894 -0.242938 -0.163668 0.216329
0.828469 -0.432963 -0.161258 0.146266 0.325602
-0.087276 -0.85003 -0.195342 0.0890785 0.482902
0.0310096 -0.538294 -0.0373513 0.012941 0.9348
0.121994 0.524917 0.172609 -0.21383 0.51192
-0.723357 -0.428087 0.212979 -0.231241 0.315806
-0.294928 0.31471 0.208874 0.0523231 0.777737
-0.348217 0.564026 -0.155095 -0.140462 0.343599
0.972762 -0.250694 -0.164223 -0.122157 0.16542
-0.980686 0.77152 0.0712627 -0.0781134 0.650386
0.952676 -0.245508 0.182848 0.120211 0.391206
0.468094 -0.653025 0.216279 -0.171704 0.193701
-0.825395 0.465908 -0.154029 -0.0191672 0.819401
-0.510336 -0.869366 -0.235952 0.0702545 0.1
0.191258 0.228933 -0.0956935 -0.0518443 0.12996
0.760729 -0.332503 -0.142079 -0.230466 0.590846
0.224997 -0.0463824 -8.03173e-05 0.0130244 0.989354
0.761175 -0.422954 -0.109478 0.242822 0.587864
-0.488278 0.322152 -0.11807 -0.244012 0.938257
-0.844749 -0.779739 0.105681 0.133603 0.685534
-0.918118 -0.783967 -0.162719 0.0812901 0.1
-0.140261 0.105816 0.109911 -0.0173663 0.268837
0.838211 -0.513979 -0.155511 -0.0303239 0.451481
0.0709374 -0.103078 0.198887 -0.131498 0.187147
-0.39365 0.919149 0.0688881 0.147261 0.356069
0.790968 -0.12533 -0.236939 -0.148809 0.278588
-0.170431 -0.464757 0.0198486 0.191463 0.99538
-0.0559503 0.164467 -0.0901209 0.0690914 0.949484
0.00087738 0.165444 0.131467 -0.0451366 0.369399
0.703298 0.579337 0.0442144 -0.200539 0.572254
-0.199569 -0.532981 -0.18667 -0.0144102 0.206601
0.0342067 0.536442 0.20069 0.0628 0.281129
0.337623 0.727023 -0.173642 0.00247046 0.645686
-0.358176 -0.505857 0.0773504 0.0539128 0.792745
-0.235059 -0.617062 -0.245587 0.204041 0.536577
-0.406876 0.784722 -0.238979 0.0565964 0.524828
0.956893 0.55536 0.102069 -0.0947685 0.329724
-0.0781582 0.195364 -0.0638074 -0.0247654 0.285448
0.430358 -0.600835 -0.0815429 0.0797676 0.163839
0.0818466 0.619394 0.211183 0.0949954 0.384504
-0.450883 0.216434 0.249098 0.17957 0.1
-0.524931 -0.885152 -0.146137 -0.116464 0.683968
-0.678921 -0.662785 0.151065 0.100553 0.66961
0.0574592 -0.753261 -0.220643 0.140483 0.1
-0.767342 -0.144808 -0.108368 0.126522 0.1
0.154957 0.618285 -0.233518 -0.190984 0.1
0.706664 -0.1095 0.148007 -0.0953977 0.682879
0.30891 0.56655 0.18065 -0.0637685 0.440278
-0.819788 -0.468804 -0.174462 -0.159404 0.1
0.395606 -0.0540618 -0.112641 -0.110042 0.427431
-0.453475 0.658946 0.0543852 0.190038 0.232342
0.412718 -0.134519 -0.177881 0.0410283 0.844501
-0.874476 0.952494 0.0855543 -0.092087 0.577901
0.575119 -0.338907 0.13356 0.013331 0.228268
0.417457 -0.768981 0.165534 -0.249323 0.608684
-0.0054363 0.408936 0.169576 -0.0972208 0.480673
-0.235021 0.996586 -0.00704905 0.0279244 0.5444
0.192715 -0.726148 -0.196566 0.0911931 0.298813
-0.910609 -0.387662 -0.190667 0.10064 0.944467
0.0213344 -0.969379 0.0852691 -0.0347819 0.729921
0.45621 0.297244 -0.160139 -0.190726 0.549776
-0.504442 0.518912 0.214377 -0.00882778 0.866943
0.436627 0.166236 0.0498043 -0.0338701 0.245282
-0.722599 -0.0712374 0.206597 0.225079 0.527773
0.0887063 -0.46783 -0.173948 0.0127536 0.676724
-0.0186043 0.59012 -0.053712 0.0466304 0.124171
0.266136 -0.332721 -0.248526 0.144253 0.40004
0.467368 0.653495 0.21276 0.0877124 0.520785
-0.0509291 -0.07222 -0.0362222 -0.146643 0.1
0.317617 0.503134 0.085536 0.197933 0.1
0.162569 0.831799 0.145316 0.212887 0.1
-0.386632 0.273677 -0.135938 0.223687 0.684817
0.210792 -0.572525 0.169583 -0.100875 0.801241
-0.496946 -0.445478 0.138609 0.118625 0.310184
-0.0488819 -0.322903 0.0898946 -0.0604446 0.910305
-0.631288 0.253345 -0.135914 0.124372 0.1
-0.544081 -0.40347 0.184377 -0.171524 0.436152
-0.613009 0.662479 -0.246803 -0.138648 0.22417
0.995209 0.283516 -0.151201 0.0582256 0.716064
-0.560898 0.977489 -0.100042 0.10689 0.728436
-0.526687 -0.51616 0.118099 0.130909 0.995515
0.715574 0.825169 0.193228 -0.190106 0.587323
0.929855 0.725518 -0.241859 -0.224177 0.1
0.123912 0.976563 0.146941 -0.197744 0.1
0.534166 0.239196 0.0423765 0.124856 0.771848
-0.333219 -0.794236 -0.200835 0.236065 0.779958
0.637973 -0.537858 -0.074824 -0.0546978 0.609107
-0.822381 0.0348866 0.224923 -0.0524964 0.5002
-0.351479 -0.887001 -0.246048 -0.0843365 0.1
-0.825024 0.23725 -0.24857 0.217038 0.103856
0.605616 0.905615 0.0228381 -0.213978 0.143132
-0.0866589 0.062462 0.145284 -0.104239 0.1
0.225035 -0.0409623 -0.0567782 -0.0854574 0.635796
0.764279 0.512498 0.0686959 0.228076 0.714576
-0.50649 0.259386 0.147891 0.153999 0.792818
-0.715076 0.308927 -0.16707 0.0881881 0.236469
0.219485 -0.479372 -0.230174 0.0354307 0.667528
-0.616039 -0.385062 0.184753 -0.136929 0.609186
0.440138 0.466497 -0.140538 0.0572525 0.827519
0.752795 0.883667 -0.0586193 0.094004 0.936414
0.440618 0.0656526 0.0888392 0.0666503 0.647676
0.64822 -0.832354 -0.0972676 0.0127822 0.927463
-0.456916 -0.388673 0.210919 -0.0243786 0.698458
0.526499 0.399325 -0.0205454 0.0134494 0.886614
-0.257211 -0.264873 -0.116988 -0.0644961 0.153476
-0.482936 0.448539 0.110485 0.109937 0.95423
0.874328 0.411438 0.236348 -0.185829 0.640439
0.198888 0.6174 -0.0932219 -0.164795 0.451979
0.867632 0.228047 -0.118192 -0.139268 0.523694
0.582328 -0.135452 0.176467 -0.208518 0.1
0.998682 0.057457 0.144522 -0.178507 0.51506
-0.806002 -0.790145 -0.177574 0.135615 0.627312
-0.230574 0.521635 0.10579 0.0889736 0.906611
-0.693561 -0.295741 -0.0485684 0.0298267 0.188492
-0.540565 0.00182652 -0.193949 0.130004 0.449937
0.742066 -0.0337015 -0.0836174 0.0768114 0.248852
-0.0892854 -0.727588 -0.166969 -0.19169 0.424534
-0.158962 0.674683 -0.149684 -0.237861 0.564856
-0.263872 0.0974536 -0.246665 -0.0936524 0.241165
0.241542 0.28298 -0.177087 0.218161 0.17362
0.51325 -0.364315 0.0400793 0.181942 0.618572
-0.825411 0.996708 0.247082 0.0303688 0.1
0.80592 -0.85698 0.117677 0.0843762 0.1
0.0841082 -0.0077765 -0.00301291 0.0743827 0.31637
-0.668229 -0.557649 -0.195817 0.143861 0.27253
-0.846554 0.610777 0.0332064 -0.183039 0.862997
-0.727212 0.359857 0.206624 -0.00547832 0.160332
-0.771745 -0.157839 0.249816 -0.0311376 0.148947
0.898485 0.0261784 0.106242 -0.158608 0.131912
0.676179 0.759138 -0.0340542 -0.0289451 0.283213
0.543364 0.582006 0.0458314 -0.0528665 0.909728
0.998452 0.311295 -0.11436 -0.0304611 0.717883
-0.773426 0.299958 0.133171 0.0741707 0.1
0.950383 -0.32965 -0.0297767 -0.0405538 0.704384
0.215534 -0.478572 -0.242978 -0.0331404 0.339174
-0.695364 0.185448 0.227869 -0.0879814 0.811303
-0.473113 0.323925 -0.140076 -0.159172 0.324812
0.629997 -0.644578 -0.122851 -0.135238 0.423883
0.342321 -0.318944 -0.0347802 -0.161886 0.837146
0.217571 -0.105354 0.178674 0.00679263 0.549469
0.109217 -0.53031 0.0674189 0.04267 0.114852
-0.999147 0.323902 -0.212888 -0.152325 0.466179
0.468896 0.124757 0.0445857 -0.122732 0.704265
-0.577724 -0.105936 -0.219093 -0.191021 0.318686
0.800415 0.964592 -0.0968061 -0.129185 0.169273
-0.221806 -0.252691 0.0560449 0.0733849 0.457731
-0.899362 -0.558175 0.00302893 0.146413 0.531512
-0.831327 0.687883 -0.225848 0.174442 0.392735
0.756024 -0.774681 0.198211 -0.0404303 0.1
0.550057 -0.624373 -0.235685 0.244244 0.132828
0.60935 -0.384843 -0.0516143 -0.0562517 0.172648
0.404693 -0.840746 0.099556 0.107106 0.1
0.723296 -0.475282 0.103276 0.153452 0.493171
-0.256481 -0.524086 0.201207 -0.232115 0.592526
0.877847 -0.576234 -0.240864 -0.0301611 0.514067
0.511238 0.502164 0.142035 0.021334 0.827838
0.83566 -0.0331498 -0.147214 -0.171586 0.793248
0.815204 0.115607 -0.139176 0.236384 0.960084
0.36299 -0.544566 0.14197 0.124999 0.754636
-0.509519 0.0629245 -0.184758 -0.105346 0.1
0.295513 0.0352263 0.0761217 0.16494 0.311293
0.592729 -0.16344 -0.0436229 -0.0902925 0.919812
-0.9616 0.0368422 -0.230692 -0.144034 0.253902
-0.323186 -0.404518 -0.0522752 0.132402 0.668979
0.392271 0.821696 -0.221726 -0.088958 0.609216
-0.0423938 0.816786 -0.199725 0.158776 0.120277
0.736597 -0.574942 -0.094978 0.237824 0.587588
-0.894065 0.103494 -0.224213 0.0120092 0.938187
-0.21708 -0.788229 -0.16214 -0.161576 0.200289
-0.847447 0.736342 -0.0490575 -0.237729 0.743189
0.316601 -0.659734 0.220252 -0.219266 0.180977
0.770037 0.183051 -0.136795 -0.030832 0.364003
0.21783 0.152729 0.190775 0.162973 0.484367
0.833875 -0.805956 -0.202239 -0.035743 0.653181
0.294672 0.485253 0.0457724 0.0329591 0.741655
-0.188049 0.819868 0.179994 0.205941 0.948098
-0.748312 -0.742202 -0.0108407 -0.0626651 0.521171
0.296469 0.852241 -0.0538167 -0.0616505 0.521576
0.50678 -0.0638471 0.237621 -0.167669 0.126229
-0.250138 -0.1688 -0.136798 0.172306 0.204919
0.528789 -0.700832 0.134357 -0.128012 0.379823
-0.534881 -0.779355 -0.246583 -0.245957 0.11942
-0.916791 -0.71732 -0.154044 0.162371 0.168979
-0.661472 0.667754 -0.129764 -0.144389 0.870148
0.400811 0.00565362 -0.231222 -0.00954504 0.686553
0.451692 -0.883354 -0.242482 0.0449001 0.218362
-0.557417 -0.825199 -0.173141 0.0378074 0.302273
0.484319 -0.737674 -0.0916406 -0.124498 0.886773
-0.934941 0.685772 0.184696 0.230704 0.819745
-0.893498 -0.521762 0.0210992 0.103904 0.500458
-0.138278 0.804205 -0.0200909 -0.235983 0.201704
-0.735563 -0.473202 -0.1294 -0.175798 0.196363
-0.782438 -0.419609 -0.0954991 -0.00612201 0.140482
0.722969 0.778548 0.0125048 0.106707 0.571411
0.591308 -0.66653 0.00154194 -0.0351861 0.219703
0.111765 -0.433642 0.0289804 0.147395 0.568143
0.545915 0.353271 -0.125447 0.0605224 0.952393
0.797365 0.066788 -0.0566232 -0.219943 0.951768
-0.475902 -0.361737 0.0528284 -0.184828 0.1
0.170357 -0.137806 0.224119 0.229599 0.405856
0.996092 0.225453 0.126527 0.0719168 0.706784
0.818105 -0.725421 -0.028886 0.109756 0.251525
-0.0412654 -0.0604073 0.0887079 0.02288 0.985443
-0.903633 0.322677 0.0306198 0.142837 0.591455
0.858236 0.21679 -0.223968 0.0260018 0.682815
-0.944262 0.976764 0.0243936 -0.032928 0.6915
0.109852 0.588806 -0.225232 -0.159143 0.118762
0.323998 -0.526224 -0.0868944 -0.0922733 0.12916
-0.0314621 0.0275944 0.0953328 0.101022 0.685437
-0.976896 0.562253 -0.129358 0.0267712 0.387377
-0.996804 0.514528 -0.157389 -0.0934224 0.1
0.806116 -0.416186 -0.249894 0.0912842 0.472226
0.628589 0.501733 -0.0766983 -0.154727 0.788308
0.0153576 -0.950777 0.239564 0.0768796 0.475196
-0.66352 -0.387086 -0.198396 0.154223 0.735467
0.791082 0.338752 -0.0741983 0.137164 0.673114
-0.00361168 -0.108359 -0.00718321 0.136954 0.114339
0.148001 0.125512 0.173414 0.160809 0.174428
-0.339782 -0.244712 -0.226195 -0.0261649 0.905107
0.559769 0.790765 0.0317976 -0.170969 0.538539
-0.784181 -0.677918 0.0337319 -0.108737 0.959486
0.604758 -0.940322 -0.0445228 0.158265 0.990287
-0.729091 0.735925 -0.167183 0.140193 0.982585
-0.0188302 -0.156645 0.0554084 0.160722 0.1
0.48785 0.384522 0.113282 0.0261545 0.442689
-0.636205 -0.553535 0.202084 -0.0133659 0.306318
-0.951572 0.220901 0.248717 -0.181513 0.266486
-0.866856 0.142893 -0.0489024 0.119092 0.384143
-0.878345 0.301369 0.239652 0.00512552 0.1
-0.647664 -0.232054 -0.235653 0.150101 0.510255
-0.846254 -0.17634 0.0286424 -0.0647549 0.702905
0.0326459 0.632505 0.121954 -0.0751691 0.464137
0.400811 0.304944 -0.0973029 0.200286 0.290567
-0.112556 0.308087 0.123459 0.188303 0.986809
-0.182683 0.164899 -0.07512 -0.0714404 0.157288
0.869443 0.186075 -0.133682 -0.0187769 0.651181
-0.108866 -0.992663 0.168255 -0.14639 0.384304
-0.658982 0.0588831 -0.00512838 0.217961 0.966785
0.968199 0.619887 -0.0312064 -0.0765319 0.32517
-0.447847 0.227882 -0.0129706 -0.135183 0.440399
0.732198 0.224071 -0.189994 -0.0392811 0.943546
-0.585325 -0.689871 -0.0557126 0.214757 0.454005
-0.397807 -0.79769 0.0471478 -0.244833 0.699369
0.743337 0.340272 -0.233861 -0.146736 0.126776
-0.311504 0.600649 0.00751445 0.221581 0.815933
-0.417061 0.303607 -0.086267 -0.0541451 0.764799
0.0511698 -0.737944 -0.137619 -0.0633752 0.973182
-0.214221 0.174267 0.185442 -0.157894 0.650434
0.30882 -0.988457 -0.211473 -0.229312 0.67971
0.212602 0.0402938 0.161997 0.0221479 0.1
0.610252 0.952351 -0.0495497 -0.0222936 0.29738
-0.874807 0.960868 -0.145603 -0.0720948 0.544622
-0.633409 0.829588 -0.0780697 -0.101498 0.796263
-0.776639 0.243443 0.0376664 -0.138182 0.732224
-0.0570282 0.157313 0.00221035 -0.0625192 0.140011
-0.115706 0.669965 0.200221 -0.110688 0.504978
0.0664175 -0.133268 0.074305 -0.00500332 0.92431
0.337887 0.291508 -0.18985 0.229377 0.717694
0.303572 -0.484265 0.159598 0.0145319 0.385586
-0.0435057 0.419543 0.091294 -0.114629 0.669608
0.703817 0.63236 -0.0959325 0.0757744 0.976818
-0.572883 -0.377979 0.0239586 0.180002 0.540926
0.689236 0.200634 0.0157091 -0.00460805 0.654035
0.218712 0.668976 -0.00805523 -0.24361 0.877439
0.911112 0.213348 0.18085 0.223263 0.207496
-0.38715 0.327975 -0.144123 0.213398 0.894286
0.480588 0.478207 0.106035 -0.237145 0.577182
-0.989371 0.671003 -0.180139 0.0672167 0.567652
-0.758394 0.176738 -0.111458 -0.0741525 0.250868
0.801231 -0.733648 -0.237075 0.198034 0.310177
-0.0986757 0.0665493 -0.167493 -0.242616 0.293611
-0.577874 -0.0320587 -0.180508 0.165339 0.33648
-0.266181 -0.701331 0.0669734 0.0959085 0.36892
0.81012 0.934972 0.0983228 0.194695 0.485829
-0.153242 -0.807928 -0.0398073 -0.137663 0.36682
-0.308411 -0.650382 0.185197 -0.0600705 0.364948
-0.318349 0.491164 -0.123143 0.0185116 0.1
-0.0672315 -0.846766 0.106191 0.139878 0.917119
-0.405868 0.387297 0.0519435 -0.23917 0.911974
-0.172076 -0.246531 0.0122709 -0.0516485 0.795204
-0.382537 -0.134291 0.155037 0.0439524 0.859663
0.555227 -0.631112 -0.159493 -0.167918 0.968083
0.732798 0.108323 0.242662 -0.158428 0.58261
-0.24944 -0.21215 -0.0948976 0.0353579 0.503031
-0.12088 0.702042 0.0761521 -0.18738 0.759677
-0.847713 0.304553 -0.179567 -0.00238664 0.57105
-0.555877 -0.0239556 -0.117636 -0.15513 0.32758
-0.198888 -0.818349 -0.177801 0.183424 0.713014
0.372736 -0.80498 0.103473 -0.185578 0.122455
0.741107 0.110758 0.205609 0.0852964 0.557018
0.325896 -0.765743 0.158774 -0.0336719 0.841358
-0.767572 0.450421 0.164552 0.114972 0.954423
-0.994429 -0.191806 0.028694 -0.241632 0.680103
-0.00751168 -0.943501 -0.0808323 -0.159904 0.311471
0.201483 -0.0911109 0.0729451 -0.10479 0.174169
-0.225505 0.586521 -0.0603597 0.0326596 0.373309
-0.538529 -0.0601518 -0.226061 0.0538464 0.598356
0.796568 -0.816494 -0.0481089 0.0679868 0.472882
-0.311424 -0.393493 0.0409336 0.236928 0.215534
-0.254857 -0.40671 -0.221077 -0.198977 0.646104
-0.362145 -9.20892e-05 -0.212194 -0.0794009 0.906612
-0.556262 -0.879715 -0.0828401 -0.249895 0.260968
0.162571 -0.453902 0.0800106 0.0405055 0.416248
0.47167 -0.311214 0.21777 -0.188211 0.966752
-0.653546 0.605382 -0.198762 0.147078 0.417954
0.344048 0.510028 -0.233525 0.101683 0.924075
-0.646829 0.220961 -0.0583057 0.21253 0.1
0.223561 0.946168 0.0301271 -0.141888 0.510928
0.537586 -0.726668 -0.0392655 0.194833 0.869231
-0.233708 -0.923518 -0.214563 0.0290474 0.1
0.326478 -0.570696 -0.0361945 0.0256731 0.383561
0.322013 0.169803 0.17957 0.0934864 0.394218
0.790919 -0.787684 0.219903 -0.218796 0.250364
-0.316202 -0.791882 0.217171 0.165857 0.908104
-0.937685 -0.532917 0.132685 -0.207175 0.41391
-0.0574012 0.723402 0.0180714 -0.189369 0.824253
-0.0109859 -0.835805 -0.238871 -0.102113 0.493436
-0.868642 0.100755 -0.143942 -0.0785452 0.665125
0.0488744 0.824886 -0.0816882 0.2225 0.1
0.702268 -0.233377 -0.149401 0.230894 0.518933
0.72528 -0.571612 -0.218027 -0.237147 0.477726
-0.914531 -0.264366 -0.0555387 -0.00529055 0.80408
-0.912899 0.70962 0.242746 0.130739 0.153651
-0.482999 -0.914244 0.108488 0.207995 0.852381
0.798663 0.516392 0.241463 0.100465 0.767076
-0.810304 0.73135 -0.0545031 0.212914 0.689174
-0.242782 0.924846 0.0752371 -0.193578 0.1
-0.228097 0.0931478 0.0412161 -0.0853137 0.940271
0.820346 0.937474 0.107881 -0.0761214 0.1
0.136285 -0.419754 0.0525524 -0.0614017 0.807483
-0.530354 -0.0303795 -0.189548 0.0795893 0.610729
-0.244367 0.838972 0.0668301 -0.214286 0.159386
-0.624376 -0.874254 -0.198862 -0.219947 0.159637
-0.439486 0.147413 0.0306727 -0.0445385 0.400541
-0.27982 -0.460987 -0.209027 -0.081641 0.833224
0.238612 0.137549 0.00646091 -0.2279 0.507212
0.362331 0.362715 -0.135084 -0.151448 0.466299
0.155684 0.686297 -0.153615 0.0505728 0.426807
-0.993863 0.891661 -0.241236 0.113451 0.1
-0.0270098 -0.406846 -0.0918102 0.239061 0.758878
-0.772294 0.527462 0.0945137 0.202705 0.1
-0.0824925 0.501166 -0.190758 0.0359221 0.413868
0.725619 0.0296625 -0.0645027 0.0829975 0.140262
-0.975258 0.202074 0.132852 0.179605 0.431047
0.851773 0.58797 -0.246825 -0.0771019 0.673515
0.971094 0.856284 -0.173024 0.0687943 0.909687
-0.00375849 -0.616534 -0.0648201 0.0381033 0.149028
-0.850388 -0.242478 -0.0751103 -0.214953 0.974022
-0.902023 -0.0527865 0.149052 -9.08524e-05 0.738186
-0.514366 -0.257052 -0.162107 -0.171188 0.653517
-0.598283 0.933088 -0.0347339 0.0803688 0.346593
0.117863 0.533057 -0.177682 0.0843462 0.324016
0.645458 -0.347947 0.095289 -0.0152817 0.94449
0.00989163 0.895058 -0.206084 -0.102372 0.977929
0.672519 -0.701266 -0.168156 -0.1516 0.244875
-0.0818934 -0.547673 -0.175072 -0.168071 0.316879
-0.712936 0.072435 0.0750824 0.218416 0.242979
0.12353 0.98565 -0.18194 0.190448 0.548101
0.104029 -0.736209 0.209292 0.235408 0.112525
0.333354 0.199631 -0.197938 0.123367 0.1
0.562167 -0.295673 0.151597 -0.0325719 0.365907
0.43078 0.0133487 -0.197594 0.0810023 0.1
-0.294313 0.775802 -0.156502 -0.16937 0.600242
-0.0639883 -0.937444 -0.0537286 0.141488 0.1
0.57266 -0.376948 -0.200876 -0.241182 0.62196
0.583187 -0.0318482 0.172002 -0.207896 0.937981
0.270537 -0.621136 0.125157 0.0754633 0.113657
-0.960889 -0.857879 -0.150366 0.0873686 0.721125
-0.727378 0.387606 -0.169469 0.157549 0.583185
0.152478 -0.288194 -0.231214 -0.0810452 0.854281
0.285834 0.530578 0.0440706 0.119227 0.1
0.371391 -0.705681 0.111023 -0.0345676 0.273957
-0.508244 -0.660179 0.143723 -0.00735287 0.816549
-0.504155 0.708487 -0.14374 0.21435 0.599707
-0.234841 0.32666 0.141163 0.147638 0.340251
-0.0857627 0.308892 0.175158 -0.0478314 0.790827
0.376245 -0.456016 -0.142307 -0.172357 0.966241
-0.150586 0.407945 0.247363 0.191228 0.462367
-0.612428 0.831084 -0.0162946 -0.154145 0.1
0.0264955 -0.436357 0.0414512 -0.180598 0.347336
0.913319 0.397472 0.00961158 -0.106478 0.386044
-0.1763 -0.451783 0.193947 0.146644 0.1
0.494386 -0.716832 0.121527 -0.140832 0.43769
-0.717613 -0.579737 -0.121063 0.135516 0.104317
-0.094138 0.622921 -0.0606199 -0.115041 0.347191
-0.208418 0.799373 0.0158942 -0.21813 0.405593
0.313215 -0.0655475 0.0593189 0.0151804 0.841783
-0.0944648 0.357112 8.29101e-05 -0.108504 0.836615
0.264275 0.626577 0.00315291 0.132011 0.592223
-0.0922647 0.863639 0.224945 -0.00703917 0.133552
0.223228 0.90384 -0.225028 0.034203 0.900255
0.848046 -0.428928 -0.179548 -0.170758 0.1
-0.69007 -0.0700321 0.147027 -0.0521579 0.541855
0.212668 0.340849 -0.14856 0.0062829 0.701107
0.430666 0.153118 -0.142092 -0.132274 0.316855
-0.170513 -0.518843 0.0696306 0.112785 0.812175
-0.434794 0.277001 0.223686 -0.0483212 0.700867
0.237905 0.114713 0.169233 -0.0495913 0.140532
0.161254 -0.810265 -0.111734 -0.120343 0.124229
-0.0381391 -0.88277 0.144911 -0.201417 0.423262
-0.538475 0.977045 0.0207106 0.0269646 0.1
0.403073 0.872771 0.0855101 -0.217993 0.699923
-0.00894165 0.750448 -0.0852109 -0.00212644 0.516851
0.766172 -0.654549 -0.172173 -0.175551 0.771869
-0.245591 0.552188 -0.132593 -0.143201 0.119217
0.0223899 -0.0685173 -0.0582015 0.160602 0.131053
0.530476 -0.411485 0.186092 0.0433594 0.1
-0.567543 0.455889 0.102019 0.121763 0.325294
0.328353 -0.153104 0.0861319 0.143209 0.75147
0.543339 0.111695 -0.0260241 -0.0114832 0.945151
-0.359192 -0.198049 -0.116197 0.108458 0.1
0.435751 0.444548 0.168868 0.00720975 0.85602
0.687236 0.384552 0.0888926 0.174911 0.912326
-0.328143 0.197023 -0.0669398 0.158386 0.579692
0.420052 -0.816879 -0.207099 -0.152027 0.277282
0.136523 -0.51154 0.200523 0.190311 0.692125
-0.901582 -0.598955 0.138138 -0.247464 0.16979
0.268289 0.00171685 -0.207034 -0.102418 0.286225
-0.428844 0.18443 0.149701 -0.10377 0.159195
-0.440148 -0.862843 -0.0162947 -0.0685681 0.18986
0.367 0.108163 -0.0694142 0.194072 0.1
-0.00298041 -0.222376 0.0526448 0.120683 0.406793
0.848193 -0.194223 0.234543 -0.241961 0.745102
0.373634 0.203792 -0.17529 0.207209 0.413584
-0.803084 -0.54194 -0.0610472 -0.0612654 0.336496
-0.171123 0.531591 -0.0856226 -0.171625 0.244213
-0.123387 -0.315787 0.237891 -0.211827 0.566583
0.477647 -0.123906 0.239639 -0.216005 0.927478
-0.978056 0.483842 0.0921787 0.0656835 0.864736
0.628635 0.548496 0.0673264 0.0733974 0.592904
-0.451158 0.848167 -0.144319 -0.166377 0.537811
-0.0691868 0.464826 -0.212199 -0.0232748 0.213824
-0.86353 -0.599901 -0.212285 0.205592 0.567883
-0.634931 0.727542 0.246315 0.0977503 0.717576
0.69445 -0.777198 0.233514 0.0485517 0.511218
0.211507 -0.18213 -0.0240158 0.230284 0.669072
-0.24509 -0.550428 0.139899 0.141951 0.878278
-0.00210208 -0.905044 0.234591 -0.187422 0.301
0.330167 -0.626645 -0.239714 -0.210881 0.1
0.89669 -0.181213 -0.0491657 0.0340925 0.590295
0.377456 0.679809 -0.0349897 -0.0968696 0.461695
-0.880844 0.498885 -0.0286146 -0.224413 0.766431
0.335703 0.868945 0.223684 0.0463796 0.283599
0.901102 0.736164 0.0602241 -0.0511978 0.852577
-0.314376 -0.325229 0.0332969 0.0255276 0.816232
0.772078 -0.956106 -0.140341 0.0904518 0.360244
-0.397732 -0.804879 -0.229252 0.235325 0.348666
0.5187 -0.754784 -0.196606 0.166313 0.901006
0.56671 0.0871789 -0.229652 0.21293 0.672449
0.473108 0.509009 -0.0082614 0.233772 0.744469
-0.469406 -0.257183 0.0863161 -0.249881 0.193848
0.320726 0.301382 -0.233358 -0.181613 0.241959
-0.69414 0.67513 -0.236682 0.0727301 0.440149
-0.775638 0.407814 0.193063 -0.0739591 0.461974
0.354122 -0.126812 0.21023 -0.0811491 0.420179
-0.680688 0.672693 0.109857 -0.146901 0.138378
0.635415 -0.668542 -0.0146479 -0.035554 0.480938
0.992883 0.962886 -0.102821 -0.0405209 0.50565
-0.984256 0.454768 0.0842142 0.153389 0.235766
0.842456 -0.412569 -0.17374 -0.125142 0.855386
-0.198073 0.288648 -0.0750431 -0.0720871 0.1
0.788807 -0.952578 -0.1419 -0.172197 0.394073
0.527612 -0.862081 -0.0661257 0.109292 0.666692
0.89341 -0.624273 0.0258444 -0.0147619 0.769263
-0.593698 -0.644161 -0.195711 0.12193 0.111922
0.796109 -0.540494 -0.154796 0.0206442 0.634296
-0.989757 0.340125 0.0843898 0.170525 0.1
-0.789021 0.944304 -0.0557745 0.249338 0.1
-0.403488 0.0673903 0.00209063 -0.1153 0.448942
-0.943401 -0.925978 -0.0550991 -0.22474 0.924794
-0.30966 0.111433 0.24306 -0.176427 0.621406
0.198502 -0.248317 -0.10108 -0.0272542 0.500791
0.237678 0.728817 0.145337 -0.155247 0.573102
-0.289812 0.63044 0.237607 -0.0527482 0.164407
-0.381739 0.00675488 -0.115284 -0.030579 0.634978
-0.186781 0.393081 0.112796 -0.20052 0.94288
0.819695 -0.406103 0.0588615 0.182562 0.5547
0.224252 -0.0510713 0.0028125 0.232188 0.652402
0.820003 -0.296762 0.118767 0.0504634 0.699991
0.719016 0.411986 0.116191 -0.0511315 0.842195
-0.672915 0.0924788 -0.146525 0.225187 0.554172
0.117757 0.836811 -0.0249466 -0.135903 0.657069
-0.041419 -0.159615 0.00989392 -0.0804767 0.558715
-0.917874 0.900553 -0.0218747 0.191225 0.273083
0.00493538 0.6815 0.00091362 -0.14353 0.673572
0.972247 -0.491195 0.170837 0.145857 0.332758
-0.557137 0.204494 -0.235996 0.0744998 0.887026
0.300876 0.895312 0.184739 0.0860554 0.36655
-0.867627 0.106236 -0.0254484 -0.23865 0.403238
-0.588775 0.92524 -0.233911 0.0300545 0.237492
-0.925097 0.289588 -0.106814 -0.162801 0.219756
0.598553 -0.516998 0.0227384 0.151339 0.622138
-0.345757 -0.801654 0.072485 -0.210148 0.477618
0.013252 -0.867589 -0.173166 0.0450756 0.867675
0.075134 -0.965116 0.0395882 0.130578 0.752035
-0.670972 -0.661207 0.0987912 -0.093869 0.308118
-0.382268 0.333704 0.221423 0.0940311 0.736366
-0.42146 0.270947 0.0424192 0.190663 0.358957
-0.278229 -0.903181 0.180118 0.204789 0.655255
-0.929543 0.239803 -0.150216 -0.231877 0.732533
-0.752886 0.40356 -0.215443 0.217429 0.932616
0.493748 0.72598 0.0773099 -0.103765 0.343294
0.844133 -0.239466 0.101028 0.236149 0.706632
-0.929997 0.491183 0.157376 -0.147756 0.399322
0.255843 0.471794 0.15671 -0.0772721 0.989054
-0.535806 0.791681 0.0916636 0.0144313 0.204227
0.982056 0.587342 0.00880659 0.130714 0.1532
-0.837684 0.867908 -0.0897973 0.240845 0.514038
0.650474 -0.791125 -0.0580353 -0.175483 0.151522
-0.360045 0.451244 -0.130476 -0.221826 0.218946
-0.213189 -0.647231 -0.158887 0.00551042 0.829277
-0.537593 0.277373 0.109682 0.034865 0.817644
-0.413581 0.888677 -0.230618 0.197622 0.851881
-0.31767 0.148059 0.152883 0.0221218 0.852753
-0.940706 -0.556792 -0.0781462 0.0776943 0.743238
0.374609 -0.566016 -0.0529806 -0.0445631 0.45033
-0.707876 -0.650784 -0.11598 0.148649 0.230328
0.368602 -0.139187 0.00489429 0.112049 0.503218
0.0972762 0.20914 0.0921042 -0.0608841 0.396739
0.228001 0.687123 0.240125 -0.204445 0.67446
0.113357 0.754991 0.105474 0.129136 0.508871
-0.50216 0.109515 0.114771 -0.125799 0.1
0.864764 -0.535439 -0.104557 -0.107053 0.798801
-0.295067 0.941459 0.0576752 0.0796525 0.454934
-0.454533 -0.867737 0.158161 0.0629559 0.1
0.0425769 -0.996033 -0.201161 0.143835 0.570884
-0.311124 -0.958722 0.226428 0.203759 0.983353
-0.577741 -0.0699359 -0.166116 0.115559 0.836024
0.991072 0.755846 -0.248121 -0.100084 0.226847
0.193822 0.339652 -0.166187 -0.157228 0.875084
-0.294834 0.643265 -0.0924716 0.136056 0.1
0.467841 -0.801985 0.104901 0.242919 0.564529
0.0825911 0.889734 -0.160877 -0.145122 0.524534
0.192297 -0.758726 0.134929 -0.215134 0.408201
0.263085 -0.483055 -0.231102 -0.0827523 0.991225
0.978564 -0.544457 -0.238306 -0.123636 0.21155
-0.470717 -0.679046 -0.211711 0.00508523 0.335017
0.534785 -0.775 -0.16978 0.200747 0.529583
0.257357 0.324087 -0.0490593 0.237855 0.225005
-0.583162 0.65536 -0.24077 0.108125 0.1
-0.644949 -0.200616 0.183779 -0.0599599 0.878264
-0.352029 -0.513866 -0.0284031 0.0673889 0.1
0.371786 -0.227228 -0.21599 -0.151003 0.736482
-0.0894408 -0.941817 0.140199 -0.00115582 0.605918
-0.222479 -0.165227 -0.063947 -0.234256 0.323799
-0.858401 0.0530534 0.243781 0.097004 0.737297
0.720724 0.903958 0.129214 0.0268592 0.557966
-0.994123 0.392126 -0.0726522 0.0639808 0.136063
-0.144512 0.358935 0.151377 0.125238 0.376169
0.652034 -0.868726 0.0606746 0.155656 0.277974
0.582053 0.0951142 -0.0391974 -0.167085 0.189146
-0.0320742 -0.753189 -0.242801 0.00875744 0.310554
-0.110192 -0.77253 0.0970719 -0.214197 0.331661
0.114346 -0.979158 -0.046894 -0.0140511 0.577471
-0.563209 0.773304 0.211357 0.232488 0.96426
-0.872874 -0.872841 0.0809315 -0.0315586 0.219261
0.660466 -0.934495 0.0661168 -0.209622 0.523434
-0.348699 0.864108 0.0682753 0.120864 0.798613
-0.779634 0.848574 -0.218928 -0.166879 0.341986
0.736676 -0.119029 0.199808 0.122592 0.746122
0.455197 0.0987405 0.0956162 -0.162912 0.1
-0.458593 -0.802544 -0.172315 -0.00409807 0.946774
-0.391501 -0.283441 -0.163413 0.138928 0.848284
-0.551759 0.47867 -0.18709 -0.152886 0.116721
-0.619664 -0.165483 0.0446457 0.186188 0.321747
0.175639 0.614115 -0.0930754 0.239892 0.359717
-0.678063 0.926358 -0.0616791 0.249606 0.460774
-0.891611 -0.0524269 0.0596346 -0.11774 0.90319
-0.21073 -0.627544 0.141134 0.210538 0.623705
-0.796744 -0.37962 0.163229 -0.141372 0.588251
0.344434 -0.56436 0.0114266 -0.0984808 0.621775
-0.205814 0.52141 0.18397 0.0743636 0.923759
-0.848713 -0.915812 0.224009 -0.210322 0.193757
-0.0808394 0.0878868 0.148594 0.221473 0.45236
0.7038 -0.409661 0.100365 -0.177793 0.122678
0.118906 -0.776855 0.0339161 0.0158075 0.37765
0.37191 -0.721614 -0.1975 -0.077914 0.850241
-0.0277063 -0.090278 0.0377607 0.0339466 0.123399
-0.0436469 0.0433855 -0.164002 0.132876 0.548626
0.34248 -0.101472 0.201136 0.16593 0.425001
-0.151578 -0.476986 -0.151768 0.00156072 0.96496
-0.737989 -0.343324 0.171514 0.0603711 0.746383
-0.00580978 0.827316 -0.183245 -0.0825228 0.65437
-0.158316 -0.176435 0.184757 0.243722 0.801467
-0.00168556 -0.448404 0.190613 -0.22488 0.568959
0.195581 -0.972659 0.116418 0.0771332 0.904608
-0.0377466 -0.220165 0.179345 -0.0661826 0.686891
-0.0545519 0.013569 0.0318789 0.0141041 0.77692
0.360317 -0.36703 0.0118561 -0.235214 0.614624
0.726002 0.055836 -0.0829139 0.126984 0.474854
-0.401798 -0.119689 0.148958 -0.147263 0.483551
0.855638 0.450364 -0.0691115 -0.0684763 0.638466
0.571011 -0.888392 0.0799943 0.107673 0.224703
-0.815355 -0.278666 0.179203 0.169698 0.541401
-0.376928 -0.599387 0.227172 0.233174 0.78991
-0.622981 0.135187 -0.226859 0.0384358 0.286194
-0.338766 -0.657854 0.0079523 0.064324 0.991988
0.0177116 0.220573 -0.123142 0.226803 0.761595
-0.345738 -0.951306 -0.179437 -0.244323 0.352659
0.339209 0.351739 -0.0874492 -0.164942 0.506194
0.0542854 -0.0189907 -0.218322 0.0654298 0.215025
0.97478 -0.560153 0.196701 0.14009 0.495628
-0.507436 0.946716 0.122748 0.14513 0.1
0.605944 -0.597698 0.0589028 0.0232963 0.115165
-0.882854 -0.369654 0.0788759 -0.0470901 0.778067
-0.56796 0.19019 0.15542 0.137724 0.264607
-0.22874 -0.399971 -0.249442 -0.197261 0.360954
0.248699 -0.587329 -0.202818 -0.196453 0.319972
-0.194676 -0.284778 0.120285 -0.074614 0.206522
0.987521 -0.0967035 0.16665 0.126859 0.379131
-0.325423 0.176477 -0.107171 0.121344 0.509821
0.192891 -0.798226 -0.136529 -0.194248 0.340155
0.612743 -0.376977 0.147612 0.150314 0.705782
0.87601 0.193857 0.174966 0.00906974 0.14282
0.107471 0.956527 -0.066988 -0.137639 0.376452
0.924472 0.923032 -0.15977 0.216536 0.869479
0.656458 -0.236617 0.190178 -0.248094 0.24599
-0.605797 -0.637323 -0.0979 -0.138585 0.780028
-0.589625 -0.522551 -0.137198 -0.0744696 0.606756
-0.792923 -0.857323 -0.114999 0.157577 0.899009
0.566279 -0.256066 0.139583 -0.0213029 0.692548
-0.271983 0.179215 -0.0680482 0.229779 0.172303
0.179016 0.936865 -0.0337358 -0.0535283 0.572595
0.100481 -0.690259 0.186915 0.187427 0.729838
0.994393 -0.963684 0.0871273 -0.157747 0.967601
-0.351365 -0.155505 -0.198525 -0.15971 0.961097
-0.0729751 0.186891 -0.188091 0.01644 0.1
-0.0602892 -0.0384531 -0.0671571 -0.158442 0.755476
0.104738 0.866193 0.151592 0.0240167 0.849994
-0.729117 -0.155926 -0.150083 0.164577 0.75568
0.78987 0.575945 0.0609041 -0.176876 0.577164
-0.836169 0.309092 -0.0404693 0.113699 0.353951
0.297661 0.0876166 0.234448 0.193046 0.141648
0.61192 -0.694739 0.0794816 -0.142733 0.872972
0.964859 -0.979492 0.150553 0.050781 0.374369
-0.804545 0.102309 0.159485 -0.230084 0.826618
-0.973417 -0.299354 0.0143756 0.0843929 0.919014
0.158932 0.550537 0.121342 -0.072314 0.1
-0.219117 0.137743 0.0818861 0.198731 0.615652
-0.893221 -0.773031 0.241115 -0.242851 0.960778
-0.109708 -0.744455 0.146152 0.0457794 0.317392
0.671387 -0.186563 -0.162554 -0.0703489 0.140737
0.771936 -0.00709641 0.16464 0.201021 0.241506
-0.831304 0.828804 0.137451 0.118957 0.141745
0.619875 -0.257273 -0.0175496 0.169522 0.871258
-0.926696 -0.495024 0.152633 -0.145682 0.14291
0.996437 -0.0104719 0.0403908 0.084289 0.754251
-0.656569 0.354649 0.0861097 -0.192804 0.450985
0.0820196 -0.660329 0.20372 -0.207669 0.517634
-0.635389 0.402612 0.240635 0.242908 0.908912
-0.150611 0.816715 -0.0654542 0.125854 0.271366
-0.0757917 -0.287274 -0.139782 -0.144392 0.535826
-0.513545 0.402866 0.0693478 0.0312649 0.381971
-0.389702 0.937482 -0.0464536 0.2165 0.560575
-0.700559 0.53586 0.0614619 -0.19315 0.1
-0.965879 -0.622412 0.174275 -0.127162 0.586214
0.350404 -0.508003 0.00501949 -0.169801 0.584293
-0.25865 -0.151985 0.0900674 -0.00495687 0.150926
0.206115 -0.716163 0.0916499 -0.179188 0.190784
0.0820112 -0.69044 -0.207259 0.0276724 0.295181
0.429648 0.488804 0.11884 -0.0749238 0.1
0.988011 -0.0250697 0.182708 -0.177436 0.290296
0.631305 -0.248964 -0.163305 -0.0750711 0.119232
-0.314514 -0.688127 -0.213217 0.214644 0.145914
-0.952775 0.961504 -0.113324 -0.22826 0.887198
0.153092 0.992918 0.185295 0.183385 0.742506
-0.642117 -0.0586364 0.16484 0.107282 0.212498
-0.684893 -0.551683 0.143027 -0.150734 0.815996
-0.837878 0.21886 -0.230724 0.0156969 0.360083
-0.424524 -0.913449 0.224127 -0.144655 0.380674
-0.486845 -0.000400543 0.0432613 0.0171701 0.297566
-0.870642 0.0347804 -0.0508879 -0.0303672 0.770577
-0.309197 0.501983 0.147008 0.114265 0.385752
-0.400797 0.162482 -0.04525 -0.0210657 0.844373
0.310449 0.619259 0.20509 -0.229624 0.597623
0.911527 0.782321 -0.0725251 -0.192352 0.785818
0.366368 -0.178512 -0.243408 0.0816736 0.25278
0.867122 -0.666427 -0.127598 0.0941818 0.523485
0.0938455 -0.258635 0.190641 -0.11583 0.826944
-0.401381 -0.846004 0.114968 -0.142175 0.53303
0.141953 0.600619 0.0579728 0.0132989 0.545952
-0.651196 -0.116675 -0.247742 0.0305462 0.140315
0.199346 0.95606 0.0717815 0.238216 0.377698
0.567361 -0.908544 -0.101357 -0.059752 0.1
0.243656 -0.368641 -0.0450837 0.0963553 0.1
-0.927345 -0.591034 -0.125976 0.0929658 0.792243
-0.75147 -0.0745922 0.236247 0.173734 0.758254
0.0465875 0.43077 0.136889 0.106283 0.408576
0.35794 -0.347537 -0.00890248 0.110514 0.863953
-0.360721 0.104702 -0.0888203 0.139748 0.503222
-0.136184 0.929272 0.192181 -0.13241 0.185182
-0.354191 0.575962 0.204631 0.170333 0.928299
0.103782 -0.124833 -0.19691 0.157912 0.804178
-0.0485684 0.683614 -0.106612 -0.0901057 0.835383
-0.224618 -0.650394 0.0406926 0.0636006 0.198206
-0.124878 0.108814 0.0149639 -0.100858 0.691401
-0.737249 -0.222248 -0.10402 0.141149 0.607534
-0.320165 0.252011 -0.139072 -0.0741881 0.173879
0.941908 -0.763076 0.120659 0.0201292 0.1
0.649825 0.219313 0.0421614 -0.0234038 0.1
-0.510202 -0.0748063 0.0142341 0.218628 0.44261
0.122569 -0.248826 -0.243694 -0.00808977 0.451571
-0.599827 -0.938044 0.113426 -0.18182 0.448725
0.129757 -0.555501 -0.080127 0.115554 0.408189
-0.892216 0.498294 -0.0812427 -0.125913 0.1
-0.955941 -0.581579 -0.248425 -0.120829 0.827247
0.875605 0.927469 -0.13347 -0.177428 0.833453
0.17446 0.716088 0.197873 0.238564 0.449019
-0.670352 0.96191 0.0195475 -0.0784096 0.704061
-0.126117 -0.859945 0.163952 -0.139451 0.982511
0.924974 -0.490753 0.165324 -0.035784 0.875811
-0.0752398 0.230493 0.179721 -0.00784469 0.99703
0.597285 0.973241 0.00456595 -0.229123 0.879378
0.348523 0.0574306 0.123044 0.013105 0.548529
0.393914 0.711171 0.175384 -0.17394 0.614883
0.596017 -0.503092 0.113616 -0.194186 0.716008
-0.873878 -0.0501181 0.0343144 0.186131 0.826491
-0.49375 -0.161498 0.220176 0.162604 0.230483
-0.140242 0.853104 -0.0125937 0.213726 0.215283
-0.759427 0.546123 0.0355539 -0.0808422 0.702888
0.449619 -0.10814 -0.243701 0.093383 0.986757
0.614981 -0.987581 0.246594 0.241372 0.149111
-0.651945 -0.521399 0.107448 0.0722088 0.1
0.0899696 -0.739579 -0.243278 -0.156801 0.657917
0.549877 -0.285805 -0.229969 0.119431 0.419474
-0.115912 0.492323 0.229065 -0.0371416 0.23497
-0.862153 -0.137802 -0.160143 0.221575 0.245805
-0.565218 0.297175 0.146194 0.119104 0.936706
-0.334566 -0.695591 0.117471 0.00655007 0.165985
-0.284533 -0.166092 0.0265834 -0.183662 0.281679
-0.0988614 0.361148 0.230917 0.21403 0.325813
-0.407478 0.744449 0.159006 0.235251 0.861537
-0.725303 0.288069 0.102759 0.237105 0.797906
0.0732017 -0.229319 0.0682159 -0.0152327 0.998786
0.732604 0.748735 0.218565 0.195318 0.580641
0.523442 -0.105575 -0.130697 0.178798 0.699865
-0.67532 -0.673008 0.16736 0.162509 0.832191
-0.0901178 0.148503 0.169637 0.0609268 0.813639
0.792126 -0.912919 0.247291 -0.0101491 0.1
0.676306 0.639227 -0.0200922 0.147639 0.473035
0.598721 0.410158 0.0632318 -0.0594379 0.345472
0.0593824 0.595448 0.129171 0.0945153 0.625705
0.398184 0.124413 0.181688 0.124155 0.112547
-0.827542 -0.446907 0.244586 0.0931689 0.322291
-0.473745 -0.618475 0.216129 0.171501 0.900728
-0.169904 0.681803 -0.0766329 -0.195242 0.895089
0.916108 -0.019569 0.185023 0.248602 0.87165
0.165116 0.126826 -0.182452 0.161999 0.1
-0.372575 -0.901777 0.122477 0.0601714 0.428772
-0.20857 0.463925 0.0026091 0.0205689 0.539203
-0.141675 -0.451178 -0.072401 0.0145493 0.397225
-0.350194 0.775343 0.247985 0.0791336 0.764588
-0.731319 0.877809 -0.0678207 0.11572 0.229209
0.361699 -0.74194 -0.00316896 -0.209051 0.121119
0.125967 0.170041 0.199822 -0.21435 0.979319
-0.718105 0.529298 0.0126325 0.138872 0.732448
0.397285 -0.998943 -0.230572 0.198298 0.595077
0.855404 0.626207 0.0179743 -0.0250026 0.594956
-0.60924 0.0925083 -0.00979117 0.0191632 0.8735
0.0711792 0.643394 0.135517 0.0890468 0.332824
0.660326 0.634289 0.166695 0.201764 0.277354
0.858284 0.230117 0.0632728 0.156419 0.441673
0.0114089 -0.479845 -0.203067 0.187749 0.741847
-0.528648 -0.00744599 -0.212377 0.0706006 0.386602
-0.912874 0.219806 -0.117592 -0.125272 0.32325
-0.628148 0.559069 0.107774 -0.239868 0.592859
-0.350074 0.0678278 -0.0177095 -0.140723 0.1
0.928499 -0.0848577 0.183493 0.184298 0.289778
-0.534096 0.558277 0.213935 -0.0542179 0.174971
0.601539 0.476821 -0.111727 -0.0204386 0.197858
-0.981479 0.863593 -0.125476 0.234693 0.303283
0.0377569 0.163398 0.188886 -0.0176737 0.202474
-0.752583 0.354106 -0.0403379 -0.0733121 0.235657
-0.551171 -0.488065 -0.0730435 -0.0419254 0.741432
0.938121 0.949785 0.102053 0.194137 0.533504
-0.354511 -0.701466 0.0610506 0.24977 0.142644
-0.650636 0.41318 0.0653222 0.222342 0.256545
-0.24331 -0.8422 0.11314 -0.106195 0.648334
-0.953386 -0.668545 -0.131507 -0.220342 0.841133
-0.318641 0.878128 -0.133383 0.180242 0.1
0.0843621 -0.622452 -0.132134 0.0342167 0.946084
-0.687028 -0.547145 0.0581877 0.0273265 0.315325
0.053841 0.306563 0.0871784 0.146834 0.437976
-0.997205 0.129933 -0.219948 0.176486 0.526236
-0.405901 -0.488073 -0.139275 -0.191582 0.658843
0.0888838 -0.0428795 0.194443 0.072981 0.101962
-0.126924 0.226559 -0.0248323 -0.140801 0.55331
0.655388 0.726794 -0.167107 0.0182816 0.1
0.462199 0.675927 0.0469303 -0.0877122 0.1
-0.577972 0.223561 0.197379 0.123456 0.128341
0.983706 -0.665994 0.0133451 0.0556328 0.302765
-0.565093 0.607592 -0.161524 0.246555 0.577049
0.256717 0.654578 0.156173 0.180994 0.753075
0.394999 -0.188576 -0.225524 0.0915648 0.732648
-0.0396824 0.077286 -0.110169 0.107159 0.786129
0.7951 0.359134 0.0079239 -0.0635288 0.729406
-0.608394 0.648543 0.216851 -0.247228 0.83059
0.559047 -0.0255665 -0.126928 -0.078065 0.155675
-0.767598 -0.645667 -0.0928776 -0.163469 0.687463
-0.0737478 0.560265 -0.0884563 -0.245011 0.51607
0.169878 -0.181847 0.160214 0.0685611 0.1
-0.933697 -0.233484 -0.107177 0.219112 0.210753
0.438811 -0.575256 -0.214007 -0.0465328 0.417083
-0.961715 0.00613642 -0.149472 -0.185184 0.115782
0.755344 0.12637 -0.0763342 0.0938536 0.618216
-0.423873 0.422537 0.139599 -0.0752826 0.847833
-0.661216 0.333331 -0.192808 -0.00580914 0.292587
-0.207945 0.396061 0.237939 -0.116267 0.687021
-0.0199268 0.053622 -0.0857881 0.19851 0.317903
-0.74639 0.0903631 -0.158583 -0.0177254 0.695809
0.374599 -0.313584 0.154819 0.16265 0.635446
-0.263243 -0.470776 -0.166168 0.14538 0.915997
-0.903286 0.0538409 -0.00289664 -0.129859 0.942407
-0.897429 -0.65289 -0.22246 0.24752 0.154779
0.389523 0.783758 0.167237 -0.051796 0.1
-0.455144 0.404346 0.0102723 0.0289764 0.886153
0.343504 -0.73129 0.171802 -0.223867 0.42078
0.0465835 0.646839 -0.00543562 -0.216849 0.135586
0.836756 0.966694 -0.0865983 0.242056 0.90973
-0.0408506 -0.23702 -0.0854265 -0.0221951 0.260007
-0.417386 0.155178 -0.0220757 0.223943 0.139262
-0.263528 0.428658 -0.184018 0.0136091 0.587452
0.14007 -0.422373 -0.0711418 0.194076 0.990862
-0.616779 -0.153925 -0.230427 0.0996804 0.653292
0.452781 -0.6071 0.0977158 -0.0607375 0.521836
-0.990516 0.348301 -0.00828534 0.214107 0.449818
0.45068 0.188796 -0.0578373 -0.0456778 0.318242
-0.366184 -0.618028 -0.0705387 -0.133196 0.559585
-0.370606 0.702993 -0.000922576 -0.115483 0.184476
-0.89688 0.952446 -0.0877538 0.178749 0.580396
-0.307023 0.894696 -0.132434 0.0945536 0.67449
-0.138531 0.0117828 -0.240396 0.147778 0.937075
-0.0181441 0.413917 0.108062 0.11099 0.696936
-0.948486 -0.392964 0.0374428 0.144029 0.7083
-0.343504 -0.775682 0.143039 0.0096896 0.5457
0.892592 0.230291 -0.0991116 -0.179027 0.958895
-0.98547 0.859129 0.205603 0.140847 0.524639
-0.776639 0.707503 -0.233046 0.0892064 0.162006
0.949535 0.915547 -0.0136652 0.150873 0.784936
0.596191 -0.211662 -0.183728 0.0685022 0.646787
-0.142703 0.127155 -0.115387 0.202533 0.464546
0.341569 -0.333187 0.137587 0.0943081 0.987477
0.768699 -0.913465 -0.0663626 0.228493 0.1
-0.811258 0.628658 0.0153549 0.0376333 0.80645
0.575929 -0.684016 0.198868 -0.170618 0.406745
-0.168412 0.503229 -0.242302 -0.176025 0.292334
0.258572 -0.248202 -0.190367 -0.135481 0.1
-0.018757 -0.0566848 -0.107674 -0.0528341 0.662045
0.068089 0.925528 0.101122 -0.13813 0.421429
-0.0111523 0.214553 0.124021 -0.19953 0.263146
-0.0131094 -0.934348 0.001867 -0.0187729 0.295275
-0.10119 0.308689 -0.241709 -0.107905 0.402045
-0.0943094 -0.747954 -0.129707 -0.0205377 0.223212
-0.638567 -0.693622 0.137518 0.146239 0.578495
0.268317 0.59995 0.0352727 0.169569 0.931231
0.475648 0.121372 -0.0745584 -0.00610603 0.585153
0.883057 -0.357945 0.0871833 -0.159268 0.711206
0.152136 -0.38656 0.0976408 -0.0379838 0.149681
-0.622311 0.330164 -0.208031 0.0503382 0.889152
0.837646 0.407015 -0.0163752 0.0468612 0.711239
0.879464 0.390812 0.0558836 -0.000189185 0.878281
-0.470825 0.473637 -0.0240364 -0.144548 0.213777
-0.650174 -0.116743 -0.152682 -0.178078 0.1
-0.306304 -0.235279 0.154064 -0.0971778 0.888547
0.115293 -0.428283 0.126745 0.188326 0.443321
0.521602 -0.759015 0.0222518 -0.222342 0.615879
-0.462882 0.325855 0.0851044 -0.228143 0.568677
0.769955 0.550032 0.0039219 0.0951141 0.631119
-0.809361 0.0261294 0.204922 0.249041 0.101273
-0.480257 -0.466911 -0.15669 -0.0322099 0.411891
0.0552917 -0.307687 0.219899 -0.236198 0.20171
0.519999 -0.552104 -0.0254195 0.142308 0.842998
0.161297 -0.838347 -0.0980973 0.0366079 0.651396
0.657495 0.329907 0.179261 0.142808 0.670842
-0.180255 -0.490582 -0.00013493 -0.217877 0.705202
-0.94553 -0.860708 -0.123536 0.189177 0.1
-0.89605 -0.996318 -0.197269 -0.0752138 0.359712
0.285305 -0.0433213 -0.234645 -0.23616 0.35683
-0.561334 -0.738633 -0.157939 -0.0713153 0.974816
-0.0827123 0.841548 0.179014 -0.00750606 0.609904
-0.82122 0.0384984 0.0818225 -0.125364 0.67216
-0.168591 -0.284387 0.13676 0.0967319 0.1
-0.621591 -0.0153843 0.0882095 -0.127806 0.1
-0.0346578 -0.853836 -0.00868021 0.0464466 0.211935
-0.543692 -0.945361 -0.17438 0.219387 0.204897
0.659015 -0.357814 0.0116895 0.019747 0.11535
-0.270287 -0.630341 0.0211312 0.128845 0.269707
0.634798 0.757246 0.0153818 0.0871653 0.94272
-0.0502431 -0.373272 0.0775695 0.061506 0.981806
-0.0417275 -0.777648 -0.0170238 0.0851232 0.71951
0.930425 0.984702 -0.179306 -0.0332435 0.345455
-0.254595 0.0390304 -0.230586 0.0754436 0.582954
0.298297 0.682282 -0.0949013 -0.00794344 0.718449
0.338799 -0.374599 -0.0370773 -0.207718 0.457053
0.303947 0.526132 -0.224617 0.133974 0.751283
-0.361505 0.588444 -0.0646437 -0.130314 0.125884
0.223024 -0.371831 -0.162048 0.118128 0.260006
0.718298 -0.350735 0.0306698 -0.0235821 0.932387
-0.936263 -0.775069 0.108916 -0.0621639 0.510211
0.897508 0.453921 0.218596 -0.0323052 0.934731
-0.845651 -0.404709 -0.108175 0.197667 0.414271
0.214866 0.0111128 0.149041 -0.0338646 0.895448
0.311762 0.196667 -0.0745109 0.169606 0.466429
-0.122963 -0.0809544 0.204674 -0.129171 0.61043
0.177727 0.652681 -0.0793712 -0.239506 0.621481
-0.968894 -0.584074 0.231705 0.213419 0.613554
0.0141001 0.184625 0.179957 0.0516813 0.398201
0.286901 0.988648 -0.247046 0.177854 0.312584
-0.846072 0.455625 -0.167336 -0.10758 0.436496
-0.710765 0.934346 0.13208 0.217897 0.502795
-0.65353 -0.808344 0.0387216 -0.0454756 0.696178
0.135357 0.174636 -0.0441747 -0.191624 0.63654
0.0625209 0.41442 -0.206295 0.118066 0.149846
-0.499023 0.00508726 0.130972 -0.225825 0.759512
0.403543 -0.92275 0.0914039 0.243269 0.387264
-0.0575048 -0.532791 0.0725083 0.227932 0.342895
0.4088 -0.594321 0.140277 0.0650538 0.713903
0.701224 0.952014 0.140796 0.240538 0.30064
-0.570231 0.0350949 -0.234709 -0.0376061 0.300321
0.585953 -0.847921 0.171018 -0.216281 0.251635
0.464947 0.33734 -0.17659 0.116631 0.799959
-0.300129 0.913237 0.202003 0.149289 0.389789
-0.85678 0.570831 0.0520365 -0.0912115 0.1
0.644443 0.238275 0.212614 -0.0468356 0.307777
0.270991 -0.651078 -0.198236 -0.122097 0.159027
-0.611093 0.343808 0.21448 0.149402 0.45744
0.150433 -0.811567 -0.198046 0.130226 0.758343
0.428868 -0.386256 0.0352502 -0.128851 0.721554
0.780046 -0.451366 0.153587 -0.162527 0.648479
0.908099 0.545486 -0.171193 0.115229 0.443341
0.669089 0.198728 -0.175964 -0.0666232 0.792251
-0.123335 -0.764006 0.101375 -0.159368 0.935643
0.534569 0.486688 0.189999 0.215166 0.635604
0.283582 0.562974 -0.158814 -0.0298923 0.104256
0.673647 -0.897132 0.0463075 -0.22551 0.51738
-0.270554 -0.251488 0.24163 -0.120512 0.352971
-0.508285 0.549404 -0.183429 0.0505241 0.45803
0.772759 0.574155 -0.0739227 -0.206168 0.934157
0.720428 0.279659 0.0721567 0.154269 0.11255
-0.584255 -0.742345 -0.0931886 -0.202451 0.985573
0.985745 0.0600069 -0.174986 0.0243525 0.1
0.139042 0.503802 0.127344 0.186968 0.701395
-0.122024 0.744865 0.0864411 0.234782 0.55709
-0.124818 -0.822611 -0.23777 0.2147 0.350463
-0.132033 -0.528982 0.156134 -0.13789 0.115941
-0.029681 -0.677351 0.16114 0.164515 0.612487
-0.0889365 0.211447 0.0483446 -0.178264 0.452795
-0.425329 -0.0992668 0.181289 -0.120011 0.778174
0.528016 0.185522 -0.15073 0.159827 0.423146
0.980871 -0.00996202 -0.0209599 0.118008 0.709304
0.584828 -0.516588 -0.0576111 0.154554 0.747359
0.00259745 -0.89835 0.206105 0.221764 0.442963
0.113804 -0.13921 0.182252 -0.136622 0.736585
-0.568663 -0.152158 -0.124004 0.222834 0.988555
-0.706965 0.277275 -0.160284 -0.0146111 0.568181
-0.175755 -0.463329 -0.182452 0.0556146 0.1
0.130154 0.636624 0.148718 -0.144215 0.99964
-0.846907 0.50465 0.0634328 -0.0380764 0.849054
-0.555502 0.569514 -0.0101517 0.179941 0.572011
-0.09948 0.341647 0.171824 0.0100002 0.136205
-0.697098 -0.0273619 -0.129854 0.206183 0.246373
0.559192 0.40315 0.113445 -0.1614 0.1
-0.406026 0.603489 0.13194 0.0607991 0.804037
0.979688 0.238965 0.134277 0.0625206 0.1
-0.787439 0.252453 0.172449 -0.0722593 0.848205
-0.456563 0.058483 0.0795002 0.145942 0.354175
0.0114528 0.480618 -0.106982 0.215258 0.473207
0.893811 0.570559 0.209723 -0.197939 0.928265
-0.418846 0.659685 0.204367 0.207423 0.1
-0.370821 0.908593 -0.0171049 0.190179 0.627888
0.098635 0.974963 -0.202133 0.033511 0.955855
-0.359439 0.111304 0.00511587 0.235212 0.1
0.696228 -0.0489882 0.188167 0.138806 0.465608
-0.644022 0.446528 -0.0312529 -0.220077 0.896754
-0.884221 0.770007 -0.157679 0.0340821 0.903463
0.733278 0.901083 -0.128958 -0.0713421 0.62705
-0.372927 0.220256 -0.20388 0.169881 0.984738
0.659777 -0.927994 -0.0203866 -0.0385678 0.749354
0.513543 0.700794 -0.0394071 0.226443 0.23067
0.60456 -0.74798 0.127426 -0.0763253 0.647046
-0.656269 -0.5799 0.201956 0.0567788 0.201361
0.447612 0.450889 -0.118654 0.240941 0.919227
0.0803711 -0.825992 0.0885004 0.201005 0.103214
0.744744 -0.976885 0.163281 -0.0628958 0.810087
-0.556853 -0.337212 0.0399935 -0.208997 0.714477
-0.978374 0.755643 -0.124419 0.104167 0.819817
-0.666254 -0.87519 -0.0816648 0.0451634 0.449075
0.739917 -0.216398 0.0502699 -0.0975586 0.224669
-0.43157 0.266944 -0.249969 0.141658 0.886695
0.963457 0.445933 -0.00213571 0.0142597 0.1
0.796181 -0.851966 0.0163279 0.0532889 0.381117
-0.667696 -0.67862 0.207847 -0.207369 0.577194
0.298022 -0.667587 -0.245686 0.166363 0.792166
-0.8549 0.497798 -0.10873 0.203158 0.1
0.317404 0.112988 0.123197 0.0338869 0.80486
-0.993537 -0.740861 0.132646 0.0304289 0.1
0.297752 -0.398767 -0.102534 -0.191622 0.902887
0.475384 0.980471 0.0610296 -0.157083 0.609949
0.359966 0.472953 0.104761 0.172601 0.810235
0.938084 0.756801 0.0665559 -0.0625885 0.276912
0.463512 0.0885755 0.0743578 -0.0371323 0.1
-0.59968 0.547236 -0.124774 -0.0348589 0.690157
-0.377006 -0.837665 0.0910457 0.0245588 0.689749
-0.357371 -0.577964 -0.20198 -0.0603018 0.123805
-0.441805 0.680359 -0.0992607 -0.0179708 0.414435
-0.951982 0.323104 0.0643723 -0.0740877 0.32669
0.274007 -0.816167 -0.140967 0.0371703 0.550197
0.328007 0.235951 -0.167291 0.188222 0.465697
-0.994878 -0.0884743 -0.0424205 -0.115423 0.550872
0.574435 -0.607549 0.227145 -0.217605 0.1
-0.613701 0.494344 0.0162747 0.142887 0.1
0.180134 0.81364 0.24062 -0.162493 0.141375
0.230716 -0.0260053 -0.201249 0.0199363 0.1
0.152309 0.487462 0.0521423 -0.144903 0.647558
0.767634 0.765242 0.00480425 0.190526 0.946529
0.341132 -0.136574 -0.220646 -0.00622652 0.150859
0.965133 -0.266119 -0.139297 -0.0784114 0.813116
-0.00701988 0.440552 -0.207968 -0.0367802 0.888146
0.131131 -0.903736 -0.0282593 -0.0497735 0.100055
-0.910428 0.767433 0.185033 -0.0495916 0.401983
-0.719799 -0.188414 0.186935 0.195576 0.133126
0.173146 0.387734 0.212633 0.139641 0.943146
0.0201237 0.0204279 -0.0980601 0.240534 0.1
0.329775 0.852917 0.206483 -0.170659 0.289576
0.845776 0.287036 -0.135998 0.0701431 0.705672
0.327772 -0.407438 0.238672 0.170761 0.365243
-0.432227 0.374443 0.117338 -0.239612 0.989721
0.375205 -0.0810772 0.236113 -0.148314 0.1
-0.322077 -0.84292 0.172015 -0.219791 0.715462
0.0303819 -0.059508 -0.01956 -0.0438927 0.641928
0.360108 0.58702 -0.102909 -0.146806 0.381159
0.744975 0.568219 -0.100061 0.117245 0.449344
0.365871 0.737579 0.140821 -0.038339 0.546694
0.301937 -0.592187 0.134862 -0.017922 0.42671
0.0305997 0.993965 0.123486 -0.106093 0.127353
0.107762 0.791756 -0.0296608 -0.206247 0.805674
-0.0398103 -0.129948 0.137636 0.247696 0.141497
-0.3117 -0.405478 0.075364 0.124984 0.422513
-0.026688 0.948422 -0.0942926 0.0635631 0.778934
0.657413 -0.293353 0.208467 -0.0243257 0.586713
0.267889 0.360729 0.0887198 -0.0470528 0.138562
-0.0357078 0.446562 0.194959 -0.0674846 0.787157
0.76931 0.962741 0.154878 -0.0303971 0.393393
0.862029 -0.203583 -0.214466 -0.0812237 0.5443
0.108553 0.469758 0.241385 0.0506898 0.797281
0.151575 -0.190941 0.209034 0.159191 0.257291
-0.865552 -0.862746 0.0884082 0.144492 0.99994
0.575757 -0.513366 -0.203153 -0.239532 0.799615
-0.351425 -0.764694 0.0925764 -0.223405 0.152266
0.267131 -0.0910466 0.0848466 0.120546 0.368751
0.0923206 -0.514511 0.0177115 -0.209239 0.455002
-0.397953 -0.423191 -0.0185618 -0.096734 0.895203
0.072811 0.982355 0.10113 -0.178784 0.468383
0.455817 -0.679525 -0.169626 0.239677 0.172679
0.046353 0.949558 -0.137932 -0.00868398 0.903041
0.815768 -0.830898 0.136076 0.213479 0.939222
0.280181 0.67459 -0.032421 0.0782493 0.70877
0.795321 -0.881357 0.0255764 0.154557 0.124631
-0.79001 0.871941 -0.0947094 -0.202433 0.839883
-0.581784 0.583006 0.226676 0.176277 0.731876
0.894506 -0.170661 -0.0135575 0.185731 0.673543
-0.966345 -0.893468 0.149344 -0.153454 0.167896
0.236641 0.972063 -0.0174691 -0.0320525 0.118337
0.694336 0.963652 -0.111256 0.149532 0.238977
0.126571 0.621827 -0.0978379 0.152135 0.1
-0.830395 0.803046 -0.143478 0.0829476 0.483882
-0.443297 -0.255199 -0.106766 0.10419 0.552191
-0.606725 -0.251369 0.145934 -0.00105107 0.221146
-0.490266 -0.185274 -0.182525 -0.134328 0.442613
0.378004 -0.949781 -0.0743821 0.0851963 0.825726
-0.543661 0.205514 -0.160414 0.0939732 0.732774
-0.5082 0.792976 -0.00859967 0.0519016 0.827357
0.378585 0.438227 0.160604 0.233228 0.57441
-0.403888 0.955858 0.109307 0.134369 0.893892
-0.267527 0.718024 -0.236531 -0.0112837 0.446091
0.487956 -0.0267379 -0.177334 0.113851 0.490476
0.448437 0.578999 0.199244 -0.187346 0.19711
0.146744 0.262447 -0.10545 0.209859 0.776929
-0.649386 -0.97042 0.202437 0.159652 0.993892
0.387095 -0.537419 0.0657456 -0.211346 0.55245
-0.702388 0.586702 0.237229 -0.0300613 0.943998
0.163253 -0.759414 0.00201744 -0.0612294 0.155022
0.567102 -0.352841 -0.0186618 -0.121724 0.896508
0.921958 -0.146204 0.236079 -0.17559 0.812773
0.945226 0.778921 -0.0813775 0.124022 0.805612
0.597815 -0.940314 -0.145683 0.0280358 0.56536
-0.681792 0.708706 0.216221 0.176996 0.996566
-0.921456 0.47253 0.156798 0.178769 0.439596
-0.560218 -0.325949 0.104639 -0.239966 0.807254
0.508043 -0.062084 -0.106712 -0.0344166 0.39874
-0.863213 0.926251 0.177659 0.0142227 0.116374
-0.195686 -0.0606725 -0.155246 -0.236397 0.218379
-0.16607 0.297727 0.0958609 0.244296 0.817944
-0.5297 0.210475 0.148245 -0.0575741 0.544089
-0.105888 0.430318 0.127491 0.0318444 0.476054
0.804673 0.344442 0.0584153 0.0993959 0.935135
0.378254 0.378255 0.198394 0.14565 0.705743
-0.460962 0.220874 -0.224299 0.0038031 0.949527
-0.861749 -0.675507 -0.0148009 0.089792 0.73123
-0.141107 0.619032 -0.232677 0.0532691 0.1
0.431227 -0.857614 -0.247949 -0.0938398 0.115759
0.368748 0.644258 0.206297 0.109579 0.254247
-0.545992 -0.962213 -0.0172279 -0.201411 0.692745
-0.33435 -0.511282 -0.0858277 0.233708 0.915667
0.12615 -0.239324 -0.129911 -0.206947 0.35655
0.243341 -0.973312 -0.0649471 0.140955 0.291432
-0.0556852 0.603598 0.153603 -0.124015 0.666502
-0.583701 -0.153587 0.210584 -0.107468 0.396977
0.287228 0.864484 -0.138237 -0.11666 0.262445
0.988457 -0.373248 -0.0983237 0.246549 0.427816
0.0943739 -0.116843 -0.146946 0.0857857 0.231808
0.627751 -0.480757 0.0198649 -0.00858331 0.703125
0.52563 -0.127242 -0.0312831 0.0961231 0.386966
0.78627 0.359704 0.0936114 0.197402 0.171504
-0.0729488 -0.961555 -0.0802653 0.209318 0.421601
-0.162859 0.538378 -0.173677 -0.195006 0.55201
0.928965 0.916701 0.244134 -0.0697096 0.826184
0.776419 0.0916928 0.0859997 -0.0864259 0.819335
0.0534818 0.891319 -0.248305 -0.123343 0.306159
-0.00528467 -0.126364 0.151854 -0.224512 0.41138
-0.92973 -0.566597 0.0999656 0.109818 0.790938
-0.904986 0.766375 0.187683 -0.0384868 0.273047
0.911865 -0.312944 0.0172292 -0.0907845 0.458679
-0.982198 -0.173589 -0.178871 -0.209526 0.398076
0.975336 0.588686 0.241328 0.234561 0.110561
0.383974 -0.655664 -0.0151266 -0.16381 0.352683
-0.846036 -0.45504 0.122885 -0.226945 0.175332
0.417231 0.445112 0.00455722 -0.212394 0.370584
-0.773332 0.732124 0.0668171 -0.00683096 0.753865
-0.890368 0.198144 0.185502 -0.234639 0.1957
0.901931 0.582452 0.220234 -0.193045 0.653623
0.4678 -0.396966 -0.113544 -0.0556549 0.132957
-0.544801 -0.422133 -0.0677091 0.244839 0.661159
-0.509277 -0.936895 -0.217267 0.212589 0.496655
0.640788 -0.193712 -0.117914 0.0967871 0.209452
-0.972928 0.775555 -0.185156 -0.180572 0.987148
0.833734 -0.534969 -0.195277 0.15138 0.762867
0.239203 0.613247 0.0360027 -0.0927742 0.439494
-0.0439783 -0.194879 -0.180955 0.247667 0.549504
0.327221 0.461784 -0.129044 -0.186171 0.503574
0.22304 0.552027 0.223978 0.1453 0.496338
0.301567 0.61133 0.0587136 -0.153919 0.714562
0.874291 0.275844 0.15527 -0.229383 0.1
-0.283755 -0.511603 -0.164761 0.239657 0.167295
0.725905 -0.535803 -0.0482803 -0.202711 0.1
0.522756 0.272151 -0.159652 0.18344 0.84811
0.651716 -0.493996 0.119877 -0.0830763 0.814517
0.873774 -0.74753 0.105508 0.0502053 0.914629
0.924485 0.578246 0.059254 -0.0017606 0.616076
0.490484 0.633396 0.100636 0.206701 0.79495
0.926433 0.0488862 -0.119668 0.216497 0.369431
-0.669125 -0.11205 0.0834361 -0.219721 0.830151
-0.84147 -0.970748 0.0746489 0.129835 0.124327
0.258386 -0.972413 -0.143539 -0.0479263 0.704988
-0.340552 0.25712 -0.0829827 -0.0826879 0.688715
-0.435791 0.38942 0.042681 -0.012774 0.265961
0.598854 -0.50642 -0.151721 -0.156256 0.278041
-0.493864 -0.439329 0.00277174 0.0540331 0.966677
-0.104608 -0.0967664 -0.220651 -0.154186 0.741952
0.718835 -0.202534 0.133845 -0.0887959 0.899284
0.950357 -0.842893 -0.238242 0.0133433 0.470228
0.815372 -0.411612 0.246509 0.207707 0.425862
-0.173668 0.933028 0.150623 0.0664412 0.88405
0.246745 -0.688216 -0.1002 0.0969227 0.680629
0.137251 0.595548 -0.0431402 0.11005 0.168369
-0.250741 0.871525 0.0806252 0.0176234 0.202604
-0.28983 0.828178 -0.0703412 0.162842 0.459667
-0.433869 -0.370503 -0.186372 0.121156 0.10011
0.597973 -0.154257 0.133155 -0.205936 0.227239
0.449753 0.244326 0.0676526 -0.0330268 0.1
0.555699 0.156485 0.171287 0.0819998 0.928721
-0.656999 0.527642 -0.0466307 0.00907433 0.752186
-0.515332 0.350163 -0.208689 0.200367 0.1
0.575615 0.310783 -0.140572 0.167729 0.662498
0.586648 -0.409065 -0.093848 0.0169928 0.856842
0.190273 0.029826 -0.00491282 0.199575 0.175033
-0.805729 -0.408903 0.227325 -0.0338469 0.16474
0.194421 -0.858471 0.0142457 0.0655428 0.861658
0.980757 -0.527954 0.000178427 -0.137872 0.706664
-0.681191 -0.911876 -0.026271 0.00491226 0.414841
-0.133465 0.841271 -0.170616 -0.0870526 0.399203
0.171521 0.664411 -0.196904 0.100589 0.700886
-0.765181 0.0542219 0.214697 0.144804 0.806159
0.118397 0.752563 -0.114704 -0.153522 0.651601
-0.15548 -0.43755 0.0361978 0.0816748 0.731681
0.91959 0.994329 -0.137058 0.0958401 0.830922
0.719947 0.693006 0.0604545 0.209525 0.634367
-0.904061 -0.657176 -0.249343 -0.0365407 0.543687
-0.943764 0.825091 0.215472 0.0780621 0.585828
0.956913 0.368709 -0.0715381 0.152358 0.698376
0.0149292 -0.0492094 0.192123 -0.138766 0.342176
0.752205 -0.146325 0.203344 0.0592721 0.460251
0.120485 0.620512 -0.0506823 0.130745 0.982644
0.114277 -0.107755 -0.113939 0.16669 0.369024
0.00245476 -0.751544 0.0805717 -0.0382998 0.1
0.322673 0.959962 -0.200523 0.164725 0.348488
0.528087 0.348589 -0.127231 -0.199065 0.1
-0.925526 -0.238671 -0.239935 -0.102747 0.85425
-0.818412 -0.381582 -0.212003 -0.138091 0.969884
0.693887 0.705616 -0.0109801 0.199187 0.126262
0.144011 -0.847866 -0.0521323 -0.23222 0.187966
0.932555 -0.604427 0.112745 0.21841 0.572456
-0.695985 0.635061 -0.0793636 0.0986298 0.187792
0.112567 -0.428638 -0.0846615 -0.194691 0.652137
0.142177 -0.632261 0.240307 0.176416 0.704816
0.688098 -0.335692 -0.045811 -0.135678 0.1
0.811433 0.501495 -0.0971013 -0.110443 0.391383
-0.117288 0.0465366 -0.168614 -0.0324481 0.821857
-0.214616 -0.297141 0.0873986 0.0591555 0.7771
-0.0787255 0.0856856 0.0124881 -0.015493 0.270763
-0.915783 0.0462382 -0.160898 0.18993 0.552883
0.585034 0.435933 0.214275 -0.00328451 0.677377
-0.249065 0.267721 -0.152219 -0.109176 0.27548
-0.811134 -0.528576 -0.16454 0.0848526 0.344184
0.664712 0.377022 0.162535 0.227176 0.705706
0.768977 0.770173 0.228208 -0.169649 0.623654
0.795702 -0.779309 -0.00631247 0.0371223 0.69119
-0.412656 -0.172554 -0.135902 0.202689 0.825056
-0.705849 0.122343 -0.127839 0.0503173 0.1
0.71685 0.210352 -0.141845 -0.0761079 0.616895
0.973112 0.387147 -0.0931191 -0.0623446 0.479453
0.353767 0.161534 0.0809819 -0.0897302 0.449466
-0.62047 -0.989925 0.0539799 -0.138078 0.214328
-0.0969624 0.935819 -0.149974 0.209174 0.297007
0.474754 -0.578648 0.129105 0.0912968 0.158141
0.320169 -0.613864 -0.104497 -0.198618 0.44562
-0.198346 0.000659943 0.0103276 0.245619 0.19124
-0.653539 0.517523 0.156382 -0.195192 0.1
-0.327443 -0.0483387 -0.179579 0.149635 0.664473
0.890617 0.420126 -0.126539 0.0391749 0.435605
-0.606612 -0.0529736 0.0540096 0.19591 0.47691
0.0977105 0.763731 -0.197019 -0.123739 0.591869
0.904247 0.267132 0.177062 -0.171247 0.35157
0.0678903 -0.0232024 -0.0653487 -0.19389 0.823126
0.759853 0.386299 0.134405 0.0456824 0.572771
0.602657 -0.891348 0.029781 0.084532 0.704747
-0.812011 0.718856 0.111991 0.0919925 0.857252
0.264517 -0.649976 0.0101316 0.125995 0.1
0.591656 0.802416 0.0453172 -0.186262 0.941774
-0.0417793 -0.519434 -0.104274 0.0642929 0.981523
0.619735 0.310493 0.246412 0.167741 0.824515
-0.381023 0.428743 0.201798 -0.217172 0.940648
-0.740133 -0.0297089 -0.246956 0.188051 0.930719
-0.012508 -0.967668 0.0166974 -0.209337 0.686225
-0.311709 0.11816 0.245112 0.246666 0.207147
-0.200955 -0.489673 0.104802 -0.0177202 0.674732
-0.321968 -0.697956 0.0542324 -0.0675375 0.839538
0.504808 -0.00331277 0.10369 0.181653 0.465458
0.35212 -0.879673 0.0819517 -0.223744 0.305354
-0.836118 0.457921 0.00463974 0.0417047 0.623939
0.315446 -0.255492 0.120049 0.00802621 0.776114
-0.357047 0.108049 0.159059 -0.225163 0.579684
-0.112348 0.182855 -0.148302 -0.0426135 0.964099
-0.469362 -0.810604 0.068909 -0.119192 0.243406
0.962255 -0.373733 -0.0169952 -0.164287 0.716099
-0.486865 -0.11217 0.174936 0.047678 0.343237
0.458044 -0.301908 0.0495784 -0.0673962 0.834661
0.702081 -0.160641 -0.245264 -0.200088 0.950731
0.966958 -0.3197 -0.177859 -0.202014 0.418198
0.902322 0.235365 -0.0709942 -0.157456 0.412089
-0.772445 0.251043 0.09761 -0.0861644 0.416179
0.0647573 -0.79743 0.128793 0.0456475 0.1
-0.397571 0.111542 -0.135633 0.00131279 0.370935
-0.691771 -0.452635 0.0672156 0.0821243 0.573415
0.820758 -0.453662 -0.0274015 0.0754991 0.516105
-0.553897 -0.779862 -0.22813 -0.0758362 0.593266
0.00855517 0.531015 -0.024205 -0.157902 0.83537
0.191019 -0.675286 -0.0124277 -0.0398334 0.68052
-0.809537 -0.416229 0.112815 0.247014 0.835573
0.450956 -0.641726 0.0541394 0.0280342 0.1
-0.380249 -0.748951 0.0908381 0.01839 0.256666
-0.00329661 -0.0882417 -0.22932 0.240244 0.291325
-0.0865659 0.887874 -0.0441741 -0.14966 0.526015
-0.918788 0.696189 0.207967 -0.114389 0.721975
-0.941235 0.229893 0.077924 0.0658365 0.87337
-0.598069 0.137838 0.169091 -0.246072 0.610021
0.28459 0.353553 0.112691 -0.206453 0.1
-0.0326515 0.225346 0.0269615 -0.0611598 0.924963
-0.582557 0.799325 -0.204235 0.223992 0.104905
-0.846994 0.34578 0.017107 0.173344 0.260642
0.803296 -0.824216 -0.0341067 -0.14222 0.540192
0.333456 -0.22258 -0.130201 -0.189612 0.898865
-0.748436 0.521372 0.0217721 -0.00899167 0.201787
-0.444164 0.616782 0.0934514 0.0851224 0.105088
0.736259 -0.453914 -0.0329728 -0.157373 0.380682
-0.481674 -0.588569 -0.116346 0.0967024 0.370585
0.998552 -0.594345 0.232171 -0.15191 0.619991
0.558293 0.889593 0.137851 0.128767 0.192991
-0.769303 -0.0130225 0.100826 0.193787 0.798256
0.475756 -0.963711 0.246494 -0.139946 0.514159
0.620438 -0.51082 -0.248225 -0.0984935 0.452639
0.662964 0.555611 0.0753174 -0.189452 0.129073
-0.989595 -0.121246 -0.160074 -0.142249 0.1
0.234197 0.505549 -0.00613494 0.0799806 0.348167
-0.604962 -0.945268 -0.19431 -0.142796 0.1
-0.114984 -0.597922 -0.20945 0.0978922 0.631891
0.29868 0.123224 0.0691784 0.145632 0.1
0.573325 0.905955 0.166979 -0.0187247 0.860385
-0.307109 0.51594 -0.0610157 0.105348 0.913742
0.0630552 0.919413 -0.157092 0.195065 0.210647
0.417814 0.862205 -0.184963 0.0132046 0.743314
-0.254504 0.0430075 -0.111078 0.0999184 0.102944
0.222933 0.193485 0.0823024 -0.0915061 0.476064
0.651905 0.691535 0.227731 0.116784 0.801629
-0.195686 0.274758 -0.0422499 0.0691127 0.72595
-0.95249 0.772706 -0.218266 0.190365 0.403774
-0.740173 -0.690338 0.0852586 0.00822151 0.105018
0.619983 -0.564661 -0.0461014 -0.24376 0.300493
-0.992395 -0.997641 0.0233989 0.180343 0.894645
-0.0915446 -0.909317 0.068909 0.110222 0.720737
-0.205951 0.0708644 0.0552364 -0.0936199 0.272163
-0.248104 -0.422413 0.0284579 0.0341536 0.32437
0.0917114 -0.461431 -0.016613 0.196029 0.136997
0.0803798 0.282089 -0.109117 -0.13663 0.1
0.91345 -0.136478 0.0796021 -0.0312653 0.411076
0.525178 0.116304 0.0777005 0.149127 0.84393
0.55285 -0.551627 -0.0859646 -0.0334261 0.1
-0.0640008 0.819146 0.000356168 -0.0383679 0.1
0.721427 -0.184937 0.206395 0.213012 0.85915
0.634247 0.934519 -0.0327466 -0.00653945 0.274018
-0.0959975 0.573398 -0.0453508 -0.209187 0.38122
-0.886169 -0.479163 0.187635 0.228826 0.981215
-0.740229 -0.568574 -0.207816 0.170088 0.428884
0.41028 -0.783916 -0.0594595 -0.245164 0.40553
0.357362 0.603491 0.143417 -0.131424 0.1
0.161577 0.829886 -0.101601 -0.130533 0.188715
0.616953 0.497041 -0.0802189 0.201714 0.771348
-0.495171 0.391243 -0.0255996 -0.11608 0.679758
0.173136 -0.422711 -0.148697 0.142115 0.649433
0.204189 -0.597316 0.0683597 -0.0430648 0.816105
-0.235257 0.458923 0.0541308 -0.186538 0.584732
0.892923 -0.339974 0.0795837 -0.193181 0.721586
0.328197 0.447127 -0.181961 0.213172 0.1
-0.46439 0.658764 0.172184 0.131011 0.563231
0.713414 -0.0487756 0.230431 0.10581 0.720645
-0.633181 -0.320344 0.195238 0.109082 0.116155
0.498817 0.906569 0.234295 -0.0853758 0.979267
0.192521 -0.401829 -0.235623 0.0401893 0.17388
-0.942246 -0.73566 -0.202009 0.168786 0.301462
0.963508 -0.0769813 -0.0639122 -0.183115 0.1
0.275597 -0.399193 0.0957946 -0.0484355 0.227086
0.423976 0.741627 0.231292 -0.0348246 0.673979
0.82183 0.870723 0.0587443 0.106751 0.290965
-0.221453 0.992914 0.171412 0.0682188 0.65296
-0.495152 0.400099 0.243615 0.140347 0.402001
-0.910652 -0.345831 0.24656 -0.117913 0.983786
0.857533 0.691318 -0.145299 0.153811 0.960787
0.698715 -0.74052 0.0233133 -0.0107234 0.495707
-0.102793 -0.311306 -0.0259144 -0.044239 0.1
0.161728 0.951654 -0.0607858 -0.12311 0.1
0.896009 0.75702 0.19033 -0.0108825 0.856882
0.493038 0.533257 -0.216954 0.176412 0.945561
-0.137721 -0.36053 -0.230757 -0.026722 0.195252
-0.725152 -0.798822 -0.109334 -0.108152 0.311122
0.0911056 -0.132154 -0.246681 -0.202727 0.702474
0.866817 -0.809869 0.231514 0.0801675 0.953195
0.847624 -0.39421 -0.0987355 -0.0712198 0.451962
-0.104357 0.459798 -0.072075 -0.201694 0.62999
0.928067 0.0286037 0.12247 -0.23201 0.383937
-0.574261 -0.320583 -0.147009 -0.216918 0.290707
-0.60381 -0.113095 0.0998833 0.0425266 0.74328
0.475644 0.154942 -0.0349912 0.0110578 0.806229
-0.0896842 -0.906085 -0.0346866 0.181239 0.483975
0.528813 0.942104 0.014109 0.0911939 0.81761
-0.567419 0.697632 0.0157651 0.213872 0.389395
-0.799524 -0.158034 -0.0902793 0.0717696 0.1
-0.0643776 0.441309 0.0511816 0.18323 0.87478
0.279214 -0.520887 -0.0793496 0.00448164 0.969633
-0.800817 -0.965807 0.120892 -0.164471 0.18869
0.575153 -0.497056 0.182729 -0.0896272 0.627478
-0.509673 0.639633 -0.22514 0.0204276 0.629008
-0.521719 -0.882849 0.122986 0.240754 0.472742
-0.874357 0.186821 -0.246278 0.023077 0.958334
-0.0818408 -0.716624 0.167182 0.208034 0.239425
-0.0917749 -0.178666 -0.0658581 0.0986818 0.702019
-0.0052948 0.173844 0.0188461 0.0984131 0.195712
-0.133745 0.535679 0.12708 -0.215727 0.119624
-0.854396 -0.0810707 0.0399964 -0.143609 0.752667
0.43521 -0.0387102 -0.0924403 -0.223904 0.941853
-0.8441 0.676153 -0.227176 0.17136 0.65521
0.397135 -0.0601626 -0.055606 0.0871735 0.826348
0.981737 0.612414 0.0420728 0.0577888 0.226993
-0.724283 0.630131 0.0663075 -0.187001 0.287387
0.655544 -0.627481 -0.00433108 0.0219708 0.912113
0.203741 -0.652385 -0.0530888 0.0233174 0.418778
-0.845794 0.17001 0.170617 -0.0166689 0.29195
-0.421439 -0.446285 0.174397 -0.231313 0.252398
-0.817367 -0.345871 -0.243421 0.181555 0.190949
-0.872363 0.270821 -0.142175 -0.15728 0.863428
0.995049 -0.745738 0.126196 -0.186229 0.386409
-0.337348 0.759642 -0.112416 -0.15454 0.345669
0.032212 0.900283 0.114553 0.159879 0.573679
0.757048 -0.277466 0.115829 -0.161075 0.724496
0.931815 0.88051 0.202823 -0.105431 0.402653
-0.70643 -0.874072 0.112447 0.00892842 0.337325
0.47447 0.782496 -0.246767 0.00674671 0.780738
0.267711 -0.293066 0.234762 0.173706 0.778044
0.461937 -0.497869 0.231372 0.136609 0.457282
-0.782982 0.0108895 -0.0416285 0.0444674 0.200318
0.708713 0.520101 0.0890143 0.244565 0.1
0.866104 -0.980484 -0.065441 -0.0439777 0.623394
0.772901 -0.415001 -0.0576383 0.0865405 0.994697
0.189939 -0.927581 0.000667036 0.171346 0.816318
0.874106 -0.646441 0.00691643 -0.0641502 0.765966
0.743091 0.759693 -0.23999 -0.154628 0.650297
-0.7682 0.580127 -0.00239702 0.111865 0.86517
-0.679573 -0.590798 -0.232275 -0.0938787 0.748982
0.833542 0.878389 -0.124166 0.0937158 0.968765
0.748098 -0.191255 0.068004 0.0925903 0.878052
0.373096 0.453805 0.19482 -0.0996197 0.154333
0.3979 0.293797 0.189937 -0.0552212 0.419905
0.0101712 0.397679 -0.125426 0.0780032 0.867403
-0.348677 -0.466948 -0.0865116 0.245793 0.988402
-0.251363 0.0602967 -0.16672 0.111494 0.1
0.133197 -0.282635 0.208238 0.108967 0.411604
-0.398096 0.808243 0.156625 -0.138578 0.523521
0.609689 -0.412129 -0.054237 0.103744 0.852593
0.957839 0.851431 -0.176364 0.123104 0.349165
-0.59929 -0.704199 0.138605 0.219496 0.591725
-0.498057 0.617663 -0.172376 -0.110978 0.1
-0.851841 0.10487 0.151508 -0.243755 0.972537
0.441244 -0.437039 -0.18826 0.140016 0.632678
0.0435569 0.972192 -0.0815791 -0.0515419 0.533861
-0.183174 0.779151 -0.00874253 0.0857143 0.109769
0.492207 -0.312024 -0.179999 0.130527 0.1
-0.26672 0.79566 0.105276 -0.0065542 0.279615
0.308979 -0.53399 0.0524917 -0.199005 0.658811
-0.0934401 0.345593 -0.170541 -0.226866 0.463063
-0.0622339 0.586647 -0.229927 0.228853 0.800594
0.590563 -0.0105754 0.150946 -0.100687 0.725003
0.678507 -0.973024 0.178524 -0.043415 0.51561
0.474274 0.371883 -0.163456 -0.0782573 0.1
0.509736 0.457704 -0.209375 0.00114504 0.31153
0.220926 0.357442 -0.211615 0.118837 0.1
-0.160662 -0.948244 -0.0721723 -0.12708 0.975549
-0.534065 -0.0606697 -0.0765438 0.0309964 0.132865
-0.929095 0.707609 0.085559 -0.140757 0.784971
-0.371944 -0.706315 -0.109752 -0.170526 0.413841
0.463185 0.581901 -0.0512268 0.0222195 0.955986
-0.16161 -0.0438225 -0.234263 0.0118191 0.258488
-0.447484 -0.879787 -0.12534 -0.054597 0.328518
-0.774073 0.677704 -0.0990343 -0.190107 0.760985
0.0503366 0.440303 0.184358 -0.0648472 0.180976
0.839854 -0.237139 0.032134 0.0263526 0.497701
0.627695 -0.820165 -0.0383751 -0.184344 0.861411
0.907609 0.0174237 0.175113 -0.223894 0.501496
-0.404602 0.524861 0.226173 -0.125802 0.434387
0.104538 -0.789213 -0.132238 0.142877 0.294094
-0.266401 -0.849352 -0.0868499 -0.149003 0.217608
-0.29971 -0.168035 0.205757 -0.133515 0.302858
-0.345313 -0.0090583 0.233982 0.0712973 0.1
-0.153321 0.444667 -0.240388 0.202827 0.358672
0.520757 0.811027 -0.00936326 0.0712321 0.992654
-0.112976 0.647478 -0.12534 -0.165324 0.304765
-0.781995 0.787695 -0.170942 -0.0913103 0.487202
-0.247409 -0.845773 0.133512 -0.0442899 0.608119
0.367905 -0.545494 0.160855 -0.0863345 0.623245
-0.368715 -0.835157 0.013051 0.140069 0.49561
0.106445 -0.369793 0.232249 -0.0551612 0.332493
-0.620803 -0.721853 0.1349 -0.170558 0.446215
0.261776 0.2544 -0.00499895 0.249299 0.296362
-0.916145 -0.634636 0.105902 0.0987999 0.782066
-0.301873 0.0768259 0.215278 -0.0152076 0.217803
-0.0444077 0.732061 0.00819924 -0.100026 0.31874
-0.801278 -0.97316 -0.0847146 -0.161632 0.434243
0.271331 -0.42808 -0.0263501 -0.0416032 0.205178
-0.88455 0.281231 -0.180481 -0.113734 0.824255
-0.432363 -0.531366 0.0233266 -0.236158 0.957101
-0.287712 -0.937746 -0.239597 0.001692 0.1
-0.679523 -0.253578 -0.237867 0.162334 0.588408
-0.883709 0.440336 -0.100777 -0.134581 0.136037
0.384795 0.448378 0.0161217 0.219088 0.388359
-0.676918 0.475773 -0.0771387 0.113529 0.203385
-0.384813 -0.725286 -0.121925 -0.183524 0.911744
-0.587691 -0.832548 -0.129854 -0.100492 0.850854
0.0466027 0.820946 0.0578605 0.145173 0.171737
-0.0496342 -0.834774 -0.076144 -0.0936328 0.299532
-0.796351 0.596902 -0.227484 0.163889 0.797742
0.59167 -0.969725 0.0680967 0.000484318 0.346848
-0.893378 -0.89471 -0.0481842 0.0508372 0.971745
0.600958 0.967969 -0.19015 -0.148827 0.536646
0.608669 -0.118084 0.110681 -0.0490435 0.861301
0.0647177 -0.065827 -0.0228814 -0.00578858 0.657112
0.0469679 -0.153687 -0.051895 -0.00932285 0.700856
0.985416 -0.738622 -0.128301 0.0141206 0.544799
-0.275467 -0.872764 0.0551911 0.164863 0.913136
0.859068 0.226738 0.146953 -0.0263753 0.1
-0.296068 -0.265761 0.189897 0.156589 0.477322
0.892202 -0.951954 0.016733 0.0758984 0.951873
0.647982 -0.887493 0.0579391 0.0941967 0.654505
0.19476 0.637106 0.00211805 -0.0708227 0.33268
-0.602076 0.984672 0.0751151 0.19459 0.724718
0.76972 -0.209505 -0.0198045 0.0493376 0.871782
-0.875281 -0.535739 -0.13372 -0.19631 0.5991
0.250104 0.0960847 0.242518 0.113216 0.294589
0.845417 -0.979105 0.178674 -0.123856 0.17008
-0.025389 0.790894 0.0977536 0.058614 0.702451
-0.7634 -0.234578 -0.0382192 0.122176 0.644645
-0.779532 -0.237236 0.0765465 -0.18269 0.810721
-0.467378 -0.659196 0.121642 0.035112 0.1
-0.361102 0.855602 -0.244335 -0.189947 0.382378
0.0390533 0.294077 -0.0772959 -0.188896 0.935183
-0.528059 -0.184163 0.156958 0.144217 0.429775
-0.661194 0.202666 0.139943 -0.131469 0.484043
0.0935752 0.718957 -0.0941682 -0.15363 0.102366
0.781269 -0.205528 0.210894 0.193395 0.76056
-0.646396 -0.355599 -0.0748231 0.209959 0.16035
-0.85878 0.880162 0.213709 0.173042 0.481716
-0.386428 0.767749 -0.101308 0.196234 0.494241
-0.281313 0.845841 -0.155089 0.177439 0.414595
0.686789 0.688602 0.148173 0.010772 0.541675
0.293756 0.835744 -0.235898 -0.172412 0.192036
0.22481 -0.455538 -0.0889637 -0.0287778 0.818922
-0.424034 0.672245 -0.0598979 -0.246262 0.522541
0.371573 -0.117708 0.233104 0.2399 0.902285
-0.309552 0.987739 -0.215408 0.180342 0.1
-0.525316 0.51795 -0.246808 0.00835159 0.240887
0.223204 0.00456893 0.0915137 -0.125739 0.143541
-0.846518 -0.127971 -0.150705 -0.0742657 0.1
-0.958704 0.62777 0.0109745 0.162001 0.922719
0.887451 0.0630385 -0.115567 0.0272617 0.369444
-0.752525 -0.913166 0.142081 -0.0327937 0.354043
-0.864088 0.771072 -0.178367 -0.0382179 0.1
-0.700327 -0.0737857 0.182627 -0.176246 0.381838
0.907002 -0.657107 -0.22179 0.188403 0.194776
0.338945 0.908213 -0.0425223 0.0596695 0.89248
-0.737943 0.760827 0.0630285 -0.03639 0.418129
0.804257 0.700893 -0.248323 -0.0619557 0.971807
0.908145 0.925911 0.237359 0.174965 0.487346
-0.852348 0.173383 0.102263 -0.163405 0.550912
-0.0379943 -0.611935 0.0203742 -0.160035 0.218682
0.855226 0.854554 0.158273 -0.166392 0.549295
0.18689 -0.178489 0.0285804 -0.150948 0.363256
-0.979174 -0.260561 0.013126 0.157204 0.474507
0.527889 -0.392547 0.100295 0.181264 0.723488
0.364863 0.162859 -0.0139268 -0.189792 0.914168
0.290873 -0.630453 -0.249862 -0.181838 0.374313
0.700241 -0.383887 -0.202817 -0.123116 0.965445
-0.0688815 0.801899 0.235416 0.124708 0.16894
0.599311 0.79496 -0.216705 0.116719 0.529125
0.363729 0.184024 -0.124852 -0.183837 0.884456
0.623375 -0.129134 0.163039 -0.0680567 0.155081
0.576629 0.446927 0.181009 0.222354 0.604992
0.355016 0.863599 0.0456147 0.164417 0.341658
0.839644 0.184212 -0.152402 0.229687 0.400573
0.454698 -0.263275 0.0532271 -0.165946 0.520314
0.466301 0.898324 -0.197403 -0.0573978 0.464832
-0.304463 0.781769 -0.143233 0.232012 0.680745
0.441236 -0.621776 -0.110777 -0.124881 0.495238
0.188521 -0.963039 -0.225815 0.125589 0.499857
0.484087 0.140413 0.181728 0.106188 0.240745
-0.187616 -0.529486 -0.210069 0.148974 0.1
0.0796618 0.112564 0.0441397 0.142123 0.1
-0.570286 0.680485 0.226058 -0.100804 0.1
-0.727021 0.879457 0.221203 0.0202638 0.979003
0.837258 -0.898297 -0.16134 0.0731043 0.744786
0.796199 -0.333632 0.139111 0.0685723 0.579373
-0.185203 -0.304546 0.0233326 -0.112008 0.600206
0.581322 -0.411702 -0.212034 -0.150149 0.1
-0.299251 0.0914428 0.00585833 0.0663537 0.14688
0.506659 0.585669 0.00481191 0.0730037 0.1
0.890076 0.0252777 -0.0893126 0.17071 0.803387
-0.878355 -0.346992 0.143612 0.142492 0.74227
-0.289694 -0.397691 -0.0522011 0.0493132 0.549911
0.75964 -0.827344 0.203561 0.214051 0.157105
-0.652621 -0.903041 0.221275 0.229071 0.253599
-0.878393 -0.404114 0.118229 -0.108949 0.971038
-0.376459 0.490499 -0.245897 0.202253 0.435749
-0.132601 -0.337128 0.235674 0.0183767 0.46526
-0.752272 0.858988 -0.0746725 -0.155972 0.651144
0.845051 -0.137537 -0.139629 0.186019 0.330177
0.321183 -0.241706 -0.230405 -0.170835 0.163113
-0.502658 0.321212 -0.0691168 0.109652 0.945068
-0.808691 -0.834048 -0.123537 -0.0996865 0.499688
0.119906 -0.85725 0.087172 -0.148357 0.319967
0.482392 -0.617281 -0.0701829 0.202217 0.435752
-0.283347 0.561321 0.216665 0.0429701 0.659491
0.717357 0.616178 0.0328478 0.226779 0.938488
-0.496199 -0.041765 0.0446751 -0.00623041 0.434995
0.589738 -0.354825 -0.18211 0.0425275 0.812512
-0.997492 0.663444 -0.198221 0.018118 0.350742
-0.112672 -0.72934 0.244953 -0.0773125 0.565855
-0.390442 -0.625841 -0.188073 -0.141907 0.936341
0.833907 0.21985 -0.174217 0.0826782 0.281277
-0.142588 -0.427988 0.130198 -0.192851 0.991314
0.111476 0.0341879 0.0665394 0.163828 0.188495
-0.201356 0.0615387 -0.194979 -0.149906 0.907389
0.0956295 0.316919 -0.18599 -0.150914 0.374263
0.106531 0.464499 -0.116617 -0.157553 0.768427
0.620905 -0.163366 0.146085 0.116423 0.218748
0.423608 -0.586503 -0.0968616 -0.0790896 0.1
0.892974 -0.820696 -0.052804 0.0788159 0.719154
0.614035 0.0284756 0.0819861 0.230928 0.634481
0.632916 -0.649137 -0.149033 0.1278 0.171869
-0.461346 -0.731957 0.0214235 -0.177927 0.126038
-0.563431 0.974495 -0.0564943 -0.118245 0.256582
-0.257151 -0.55688 0.0930753 -0.131332 0.902376
-0.788221 0.406893 -0.11588 -0.0905289 0.19448
0.782695 0.451258 0.0758325 -0.0481449 0.520395
-0.0845674 0.130903 0.137997 -0.130385 0.4753
-0.748061 0.325767 -0.0132054 -0.00463505 0.191421
-0.955972 0.596764 0.062757 0.0675651 0.48083
0.805434 0.35606 0.118729 0.0711165 0.469867
-0.043523 -0.227772 -0.173653 -0.18647 0.473452
-0.120455 0.0031147 -0.031546 0.221107 0.485251
-0.619223 -0.1199 -0.142567 -0.214628 0.350594
0.880099 0.588383 0.19107 -0.153813 0.1
0.399055 0.708212 0.0785902 0.0993785 0.377957
0.553027 -0.947544 0.189775 -0.117137 0.706142
0.76402 -0.568228 -0.203202 0.137961 0.599455
-0.582641 -0.478395 0.0197784 -0.241729 0.188805
-0.714628 0.451996 0.189539 0.0987693 0.437826
0.0706382 -0.0698814 -0.0424172 -0.0601418 0.962788
-0.111626 -0.963069 0.00141957 -0.0572184 0.767234
0.187349 0.729639 -0.244156 0.0931604 0.845483
0.552641 0.725994 -0.2385 0.238157 0.407359
0.0568672 0.504736 -0.145175 0.20068 0.320034
